n,semilla,seleccion,maximo,acierto
100,0,50,100,NO
100,1,18,100,NO
100,2,8,100,NO
100,3,31,100,NO
100,4,100,100,SI
100,5,100,100,SI
100,6,74,100,NO
100,7,42,100,NO
100,8,100,100,SI
100,9,99,100,NO
100,10,99,100,NO
100,11,100,100,SI
100,12,99,100,NO
100,13,100,100,SI
100,14,100,100,SI
100,15,99,100,NO
100,16,100,100,SI
100,17,67,100,NO
100,18,98,100,NO
100,19,100,100,SI
100,20,93,100,NO
100,21,98,100,NO
100,22,100,100,SI
100,23,99,100,NO
100,24,100,100,SI
100,25,49,100,NO
100,26,96,100,NO
100,27,84,100,NO
100,28,15,100,NO
100,29,99,100,NO
100,30,100,100,SI
100,31,2,100,NO
100,32,10,100,NO
100,33,74,100,NO
100,34,99,100,NO
100,35,71,100,NO
100,36,43,100,NO
100,37,88,100,NO
100,38,82,100,NO
100,39,27,100,NO
100,40,100,100,SI
100,41,49,100,NO
100,42,100,100,SI
100,43,100,100,SI
100,44,53,100,NO
100,45,100,100,SI
100,46,100,100,SI
100,47,99,100,NO
100,48,71,100,NO
100,49,100,100,SI
100,50,64,100,NO
100,51,100,100,SI
100,52,100,100,SI
100,53,79,100,NO
100,54,18,100,NO
100,55,100,100,SI
100,56,100,100,SI
100,57,6,100,NO
100,58,100,100,SI
100,59,100,100,SI
100,60,100,100,SI
100,61,64,100,NO
100,62,74,100,NO
100,63,100,100,SI
100,64,61,100,NO
100,65,54,100,NO
100,66,10,100,NO
100,67,10,100,NO
100,68,95,100,NO
100,69,88,100,NO
100,70,100,100,SI
100,71,97,100,NO
100,72,100,100,SI
100,73,36,100,NO
100,74,79,100,NO
100,75,100,100,SI
100,76,48,100,NO
100,77,33,100,NO
100,78,99,100,NO
100,79,19,100,NO
100,80,100,100,SI
100,81,65,100,NO
100,82,100,100,SI
100,83,64,100,NO
100,84,94,100,NO
100,85,26,100,NO
100,86,100,100,SI
100,87,100,100,SI
100,88,99,100,NO
100,89,98,100,NO
100,90,27,100,NO
100,91,11,100,NO
100,92,54,100,NO
100,93,64,100,NO
100,94,70,100,NO
100,95,100,100,SI
100,96,100,100,SI
100,97,100,100,SI
100,98,100,100,SI
100,99,100,100,SI
500,0,433,500,NO
500,1,69,500,NO
500,2,498,500,NO
500,3,500,500,SI
500,4,121,500,NO
500,5,319,500,NO
500,6,407,500,NO
500,7,166,500,NO
500,8,117,500,NO
500,9,500,500,SI
500,10,293,500,NO
500,11,500,500,SI
500,12,243,500,NO
500,13,497,500,NO
500,14,500,500,SI
500,15,495,500,NO
500,16,500,500,SI
500,17,500,500,SI
500,18,500,500,SI
500,19,500,500,SI
500,20,500,500,SI
500,21,85,500,NO
500,22,500,500,SI
500,23,500,500,SI
500,24,500,500,SI
500,25,194,500,NO
500,26,492,500,NO
500,27,500,500,SI
500,28,500,500,SI
500,29,500,500,SI
500,30,277,500,NO
500,31,7,500,NO
500,32,500,500,SI
500,33,293,500,NO
500,34,271,500,NO
500,35,500,500,SI
500,36,169,500,NO
500,37,500,500,SI
500,38,328,500,NO
500,39,108,500,NO
500,40,235,500,NO
500,41,196,500,NO
500,42,499,500,NO
500,43,499,500,NO
500,44,210,500,NO
500,45,500,500,SI
500,46,500,500,SI
500,47,497,500,NO
500,48,500,500,SI
500,49,35,500,NO
500,50,500,500,SI
500,51,125,500,NO
500,52,500,500,SI
500,53,500,500,SI
500,54,500,500,SI
500,55,500,500,SI
500,56,500,500,SI
500,57,500,500,SI
500,58,500,500,SI
500,59,115,500,NO
500,60,500,500,SI
500,61,499,500,NO
500,62,476,500,NO
500,63,499,500,NO
500,64,499,500,NO
500,65,213,500,NO
500,66,500,500,SI
500,67,497,500,NO
500,68,500,500,SI
500,69,351,500,NO
500,70,466,500,NO
500,71,500,500,SI
500,72,500,500,SI
500,73,498,500,NO
500,74,499,500,NO
500,75,500,500,SI
500,76,500,500,SI
500,77,500,500,SI
500,78,500,500,SI
500,79,75,500,NO
500,80,140,500,NO
500,81,500,500,SI
500,82,75,500,NO
500,83,500,500,SI
500,84,500,500,SI
500,85,103,500,NO
500,86,406,500,NO
500,87,500,500,SI
500,88,204,500,NO
500,89,42,500,NO
500,90,500,500,SI
500,91,500,500,SI
500,92,500,500,SI
500,93,468,500,NO
500,94,500,500,SI
500,95,390,500,NO
500,96,190,500,NO
500,97,500,500,SI
500,98,183,500,NO
500,99,497,500,NO
1000,0,865,1000,NO
1000,1,138,1000,NO
1000,2,979,1000,NO
1000,3,999,1000,NO
1000,4,242,1000,NO
1000,5,638,1000,NO
1000,6,1000,1000,SI
1000,7,332,1000,NO
1000,8,233,1000,NO
1000,9,995,1000,NO
1000,10,998,1000,NO
1000,11,1000,1000,SI
1000,12,486,1000,NO
1000,13,1000,1000,SI
1000,14,1000,1000,SI
1000,15,1000,1000,SI
1000,16,999,1000,NO
1000,17,535,1000,NO
1000,18,1000,1000,SI
1000,19,999,1000,NO
1000,20,1000,1000,SI
1000,21,169,1000,NO
1000,22,996,1000,NO
1000,23,948,1000,NO
1000,24,730,1000,NO
1000,25,387,1000,NO
1000,26,1000,1000,SI
1000,27,665,1000,NO
1000,28,116,1000,NO
1000,29,999,1000,NO
1000,30,553,1000,NO
1000,31,13,1000,NO
1000,32,1000,1000,SI
1000,33,585,1000,NO
1000,34,542,1000,NO
1000,35,1000,1000,SI
1000,36,1000,1000,SI
1000,37,699,1000,NO
1000,38,655,1000,NO
1000,39,215,1000,NO
1000,40,1000,1000,SI
1000,41,391,1000,NO
1000,42,998,1000,NO
1000,43,40,1000,NO
1000,44,419,1000,NO
1000,45,1000,1000,SI
1000,46,910,1000,NO
1000,47,1000,1000,SI
1000,48,1000,1000,SI
1000,49,69,1000,NO
1000,50,1000,1000,SI
1000,51,250,1000,NO
1000,52,1000,1000,SI
1000,53,1000,1000,SI
1000,54,936,1000,NO
1000,55,1000,1000,SI
1000,56,990,1000,NO
1000,57,995,1000,NO
1000,58,1000,1000,SI
1000,59,1000,1000,SI
1000,60,999,1000,NO
1000,61,999,1000,NO
1000,62,951,1000,NO
1000,63,994,1000,NO
1000,64,1000,1000,SI
1000,65,1000,1000,SI
1000,66,1000,1000,SI
1000,67,999,1000,NO
1000,68,760,1000,NO
1000,69,1000,1000,SI
1000,70,932,1000,NO
1000,71,332,1000,NO
1000,72,1000,1000,SI
1000,73,287,1000,NO
1000,74,1000,1000,SI
1000,75,462,1000,NO
1000,76,999,1000,NO
1000,77,819,1000,NO
1000,78,835,1000,NO
1000,79,149,1000,NO
1000,80,999,1000,NO
1000,81,997,1000,NO
1000,82,149,1000,NO
1000,83,509,1000,NO
1000,84,999,1000,NO
1000,85,205,1000,NO
1000,86,811,1000,NO
1000,87,998,1000,NO
1000,88,1000,1000,SI
1000,89,84,1000,NO
1000,90,209,1000,NO
1000,91,1000,1000,SI
1000,92,432,1000,NO
1000,93,1000,1000,SI
1000,94,1000,1000,SI
1000,95,1000,1000,SI
1000,96,380,1000,NO
1000,97,200,1000,NO
1000,98,365,1000,NO
1000,99,1000,1000,SI
5000,0,4999,5000,NO
5000,1,1101,5000,NO
5000,2,464,5000,NO
5000,3,1950,5000,NO
5000,4,4999,5000,NO
5000,5,5000,5000,SI
5000,6,5000,5000,SI
5000,7,5000,5000,SI
5000,8,4998,5000,NO
5000,9,5000,5000,SI
5000,10,5000,5000,SI
5000,11,3706,5000,NO
5000,12,5000,5000,SI
5000,13,4999,5000,NO
5000,14,876,5000,NO
5000,15,5000,5000,SI
5000,16,2962,5000,NO
5000,17,5000,5000,SI
5000,18,1485,5000,NO
5000,19,355,5000,NO
5000,20,1239,5000,NO
5000,21,1352,5000,NO
5000,22,5000,5000,SI
5000,23,2375,5000,NO
5000,24,5000,5000,SI
5000,25,5000,5000,SI
5000,26,4999,5000,NO
5000,27,3932,5000,NO
5000,28,926,5000,NO
5000,29,5000,5000,SI
5000,30,4417,5000,NO
5000,31,101,5000,NO
5000,32,4996,5000,NO
5000,33,4997,5000,NO
5000,34,5000,5000,SI
5000,35,5000,5000,SI
5000,36,2693,5000,NO
5000,37,4979,5000,NO
5000,38,3450,5000,NO
5000,39,1720,5000,NO
5000,40,4999,5000,NO
5000,41,3122,5000,NO
5000,42,913,5000,NO
5000,43,4998,5000,NO
5000,44,3347,5000,NO
5000,45,2228,5000,NO
5000,46,626,5000,NO
5000,47,2883,5000,NO
5000,48,5000,5000,SI
5000,49,548,5000,NO
5000,50,5000,5000,SI
5000,51,4999,5000,NO
5000,52,5000,5000,SI
5000,53,1770,5000,NO
5000,54,1127,5000,NO
5000,55,741,5000,NO
5000,56,5000,5000,SI
5000,57,4999,5000,NO
5000,58,4758,5000,NO
5000,59,5000,5000,SI
5000,60,2522,5000,NO
5000,61,4051,5000,NO
5000,62,5000,5000,SI
5000,63,5000,5000,SI
5000,64,3901,5000,NO
5000,65,3398,5000,NO
5000,66,5000,5000,SI
5000,67,613,5000,NO
5000,68,3821,5000,NO
5000,69,4998,5000,NO
5000,70,971,5000,NO
5000,71,5000,5000,SI
5000,72,5000,5000,SI
5000,73,5000,5000,SI
5000,74,4222,5000,NO
5000,75,3694,5000,NO
5000,76,4998,5000,NO
5000,77,2071,5000,NO
5000,78,1538,5000,NO
5000,79,4999,5000,NO
5000,80,5000,5000,SI
5000,81,4145,5000,NO
5000,82,1186,5000,NO
5000,83,4065,5000,NO
5000,84,2324,5000,NO
5000,85,5000,5000,SI
5000,86,255,5000,NO
5000,87,5000,5000,SI
5000,88,3257,5000,NO
5000,89,665,5000,NO
5000,90,4999,5000,NO
5000,91,5000,5000,SI
5000,92,5000,5000,SI
5000,93,5000,5000,SI
5000,94,5000,5000,SI
5000,95,5000,5000,SI
5000,96,5000,5000,SI
5000,97,1594,5000,NO
5000,98,5000,5000,SI
5000,99,3310,5000,NO
10000,0,6312,10000,NO
10000,1,9998,10000,NO
10000,2,10000,10000,SI
10000,3,9995,10000,NO
10000,4,9999,10000,NO
10000,5,4186,10000,NO
10000,6,9402,10000,NO
10000,7,10000,10000,SI
10000,8,3715,10000,NO
10000,9,10000,10000,SI
10000,10,9362,10000,NO
10000,11,7412,10000,NO
10000,12,10000,10000,SI
10000,13,10000,10000,SI
10000,14,1751,10000,NO
10000,15,10000,10000,SI
10000,16,5924,10000,NO
10000,17,10000,10000,SI
10000,18,2970,10000,NO
10000,19,709,10000,NO
10000,20,9997,10000,NO
10000,21,2703,10000,NO
10000,22,10000,10000,SI
10000,23,9998,10000,NO
10000,24,6273,10000,NO
10000,25,10000,10000,SI
10000,26,3322,10000,NO
10000,27,7863,10000,NO
10000,28,1851,10000,NO
10000,29,8981,10000,NO
10000,30,9999,10000,NO
10000,31,202,10000,NO
10000,32,1269,10000,NO
10000,33,9345,10000,NO
10000,34,10000,10000,SI
10000,35,8990,10000,NO
10000,36,10000,10000,SI
10000,37,9958,10000,NO
10000,38,10000,10000,SI
10000,39,3439,10000,NO
10000,40,10000,10000,SI
10000,41,10000,10000,SI
10000,42,10000,10000,SI
10000,43,632,10000,NO
10000,44,6694,10000,NO
10000,45,10000,10000,SI
10000,46,1252,10000,NO
10000,47,10000,10000,SI
10000,48,8982,10000,NO
10000,49,10000,10000,SI
10000,50,9998,10000,NO
10000,51,9998,10000,NO
10000,52,10000,10000,SI
10000,53,10000,10000,SI
10000,54,2253,10000,NO
10000,55,10000,10000,SI
10000,56,9999,10000,NO
10000,57,698,10000,NO
10000,58,9516,10000,NO
10000,59,10000,10000,SI
10000,60,5044,10000,NO
10000,61,8102,10000,NO
10000,62,9426,10000,NO
10000,63,10000,10000,SI
10000,64,7802,10000,NO
10000,65,6796,10000,NO
10000,66,1161,10000,NO
10000,67,10000,10000,SI
10000,68,7641,10000,NO
10000,69,10000,10000,SI
10000,70,1941,10000,NO
10000,71,5305,10000,NO
10000,72,10000,10000,SI
10000,73,4585,10000,NO
10000,74,10000,10000,SI
10000,75,7387,10000,NO
10000,76,6072,10000,NO
10000,77,9996,10000,NO
10000,78,3075,10000,NO
10000,79,2382,10000,NO
10000,80,10000,10000,SI
10000,81,8290,10000,NO
10000,82,10000,10000,SI
10000,83,10000,10000,SI
10000,84,4647,10000,NO
10000,85,10000,10000,SI
10000,86,509,10000,NO
10000,87,10000,10000,SI
10000,88,6513,10000,NO
10000,89,10000,10000,SI
10000,90,3337,10000,NO
10000,91,1369,10000,NO
10000,92,6899,10000,NO
10000,93,10000,10000,SI
10000,94,9999,10000,NO
10000,95,9999,10000,NO
10000,96,6072,10000,NO
10000,97,3188,10000,NO
10000,98,5840,10000,NO
10000,99,10000,10000,SI
20000,0,12624,20000,NO
20000,1,20000,20000,SI
20000,2,1854,20000,NO
20000,3,20000,20000,SI
20000,4,20000,20000,SI
20000,5,8371,20000,NO
20000,6,18803,20000,NO
20000,7,20000,20000,SI
20000,8,19999,20000,NO
20000,9,15172,20000,NO
20000,10,18724,20000,NO
20000,11,14824,20000,NO
20000,12,19999,20000,NO
20000,13,19999,20000,NO
20000,14,20000,20000,SI
20000,15,20000,20000,SI
20000,16,11847,20000,NO
20000,17,20000,20000,SI
20000,18,19999,20000,NO
20000,19,1418,20000,NO
20000,20,4955,20000,NO
20000,21,5406,20000,NO
20000,22,20000,20000,SI
20000,23,9500,20000,NO
20000,24,19995,20000,NO
20000,25,20000,20000,SI
20000,26,20000,20000,SI
20000,27,15725,20000,NO
20000,28,20000,20000,SI
20000,29,17961,20000,NO
20000,30,20000,20000,SI
20000,31,403,20000,NO
20000,32,20000,20000,SI
20000,33,18689,20000,NO
20000,34,17333,20000,NO
20000,35,17980,20000,NO
20000,36,19999,20000,NO
20000,37,20000,20000,SI
20000,38,20000,20000,SI
20000,39,6877,20000,NO
20000,40,15028,20000,NO
20000,41,20000,20000,SI
20000,42,20000,20000,SI
20000,43,20000,20000,SI
20000,44,13387,20000,NO
20000,45,8909,20000,NO
20000,46,2503,20000,NO
20000,47,20000,20000,SI
20000,48,17963,20000,NO
20000,49,19998,20000,NO
20000,50,16304,20000,NO
20000,51,19998,20000,NO
20000,52,20000,20000,SI
20000,53,19998,20000,NO
20000,54,20000,20000,SI
20000,55,2961,20000,NO
20000,56,18343,20000,NO
20000,57,1395,20000,NO
20000,58,19031,20000,NO
20000,59,20000,20000,SI
20000,60,10087,20000,NO
20000,61,16204,20000,NO
20000,62,18851,20000,NO
20000,63,19998,20000,NO
20000,64,20000,20000,SI
20000,65,13591,20000,NO
20000,66,2321,20000,NO
20000,67,2451,20000,NO
20000,68,19998,20000,NO
20000,69,20000,20000,SI
20000,70,20000,20000,SI
20000,71,20000,20000,SI
20000,72,20000,20000,SI
20000,73,9169,20000,NO
20000,74,19998,20000,NO
20000,75,14774,20000,NO
20000,76,12143,20000,NO
20000,77,20000,20000,SI
20000,78,6150,20000,NO
20000,79,4763,20000,NO
20000,80,8897,20000,NO
20000,81,16579,20000,NO
20000,82,19999,20000,NO
20000,83,16259,20000,NO
20000,84,9293,20000,NO
20000,85,6541,20000,NO
20000,86,1017,20000,NO
20000,87,4783,20000,NO
20000,88,13025,20000,NO
20000,89,2658,20000,NO
20000,90,19999,20000,NO
20000,91,20000,20000,SI
20000,92,20000,20000,SI
20000,93,16199,20000,NO
20000,94,17918,20000,NO
20000,95,17428,20000,NO
20000,96,12144,20000,NO
20000,97,20000,20000,SI
20000,98,11679,20000,NO
20000,99,13238,20000,NO
30000,0,30000,30000,SI
30000,1,4403,30000,NO
30000,2,28283,30000,NO
30000,3,7798,30000,NO
30000,4,29999,30000,NO
30000,5,20412,30000,NO
30000,6,30000,30000,SI
30000,7,30000,30000,SI
30000,8,29999,30000,NO
30000,9,15172,30000,NO
30000,10,18724,30000,NO
30000,11,14824,30000,NO
30000,12,29996,30000,NO
30000,13,29999,30000,NO
30000,14,3501,30000,NO
30000,15,6848,30000,NO
30000,16,11847,30000,NO
30000,17,30000,30000,SI
30000,18,29999,30000,NO
30000,19,22189,30000,NO
30000,20,29677,30000,NO
30000,21,5406,30000,NO
30000,22,29999,30000,NO
30000,23,25539,30000,NO
30000,24,23343,30000,NO
30000,25,30000,30000,SI
30000,26,30000,30000,SI
30000,27,29999,30000,NO
30000,28,3702,30000,NO
30000,29,30000,30000,SI
30000,30,30000,30000,SI
30000,31,30000,30000,SI
30000,32,29998,30000,NO
30000,33,18689,30000,NO
30000,34,17333,30000,NO
30000,35,17980,30000,NO
30000,36,29999,30000,NO
30000,37,22348,30000,NO
30000,38,20955,30000,NO
30000,39,30000,30000,SI
30000,40,15028,30000,NO
30000,41,30000,30000,SI
30000,42,30000,30000,SI
30000,43,1264,30000,NO
30000,44,29999,30000,NO
30000,45,29998,30000,NO
30000,46,29107,30000,NO
30000,47,11530,30000,NO
30000,48,17963,30000,NO
30000,49,2192,30000,NO
30000,50,16304,30000,NO
30000,51,30000,30000,SI
30000,52,30000,30000,SI
30000,53,20223,30000,NO
30000,54,30000,30000,SI
30000,55,30000,30000,SI
30000,56,27798,30000,NO
30000,57,1395,30000,NO
30000,58,19031,30000,NO
30000,59,30000,30000,SI
30000,60,10087,30000,NO
30000,61,30000,30000,SI
30000,62,18851,30000,NO
30000,63,14587,30000,NO
30000,64,29999,30000,NO
30000,65,13591,30000,NO
30000,66,29996,30000,NO
30000,67,30000,30000,SI
30000,68,30000,30000,SI
30000,69,29995,30000,NO
30000,70,30000,30000,SI
30000,71,10609,30000,NO
30000,72,29998,30000,NO
30000,73,9169,30000,NO
30000,74,28172,30000,NO
30000,75,30000,30000,SI
30000,76,30000,30000,SI
30000,77,26186,30000,NO
30000,78,29999,30000,NO
30000,79,30000,30000,SI
30000,80,30000,30000,SI
30000,81,16579,30000,NO
30000,82,30000,30000,SI
30000,83,30000,30000,SI
30000,84,23971,30000,NO
30000,85,29998,30000,NO
30000,86,25937,30000,NO
30000,87,4783,30000,NO
30000,88,13025,30000,NO
30000,89,29999,30000,NO
30000,90,30000,30000,SI
30000,91,29999,30000,NO
30000,92,30000,30000,SI
30000,93,29896,30000,NO
30000,94,17918,30000,NO
30000,95,24909,30000,NO
30000,96,12144,30000,NO
30000,97,30000,30000,SI
30000,98,11679,30000,NO
30000,99,30000,30000,SI
40000,0,25248,40000,NO
40000,1,8806,40000,NO
40000,2,3707,40000,NO
40000,3,15596,40000,NO
40000,4,15470,40000,NO
40000,5,16741,40000,NO
40000,6,37606,40000,NO
40000,7,40000,40000,SI
40000,8,14858,40000,NO
40000,9,40000,40000,SI
40000,10,39999,40000,NO
40000,11,29648,40000,NO
40000,12,39998,40000,NO
40000,13,40000,40000,SI
40000,14,7002,40000,NO
40000,15,40000,40000,SI
40000,16,23693,40000,NO
40000,17,40000,40000,SI
40000,18,40000,40000,SI
40000,19,40000,40000,SI
40000,20,40000,40000,SI
40000,21,10811,40000,NO
40000,22,40000,40000,SI
40000,23,19000,40000,NO
40000,24,25092,40000,NO
40000,25,24705,40000,NO
40000,26,39998,40000,NO
40000,27,31450,40000,NO
40000,28,40000,40000,SI
40000,29,35922,40000,NO
40000,30,40000,40000,SI
40000,31,805,40000,NO
40000,32,39999,40000,NO
40000,33,37378,40000,NO
40000,34,40000,40000,SI
40000,35,35960,40000,NO
40000,36,39999,40000,NO
40000,37,40000,40000,SI
40000,38,27599,40000,NO
40000,39,40000,40000,SI
40000,40,30056,40000,NO
40000,41,40000,40000,SI
40000,42,7297,40000,NO
40000,43,39996,40000,NO
40000,44,40000,40000,SI
40000,45,40000,40000,SI
40000,46,5006,40000,NO
40000,47,23059,40000,NO
40000,48,35925,40000,NO
40000,49,40000,40000,SI
40000,50,32607,40000,NO
40000,51,15960,40000,NO
40000,52,39999,40000,NO
40000,53,39999,40000,NO
40000,54,9010,40000,NO
40000,55,5921,40000,NO
40000,56,39998,40000,NO
40000,57,39999,40000,NO
40000,58,40000,40000,SI
40000,59,40000,40000,SI
40000,60,20173,40000,NO
40000,61,39999,40000,NO
40000,62,40000,40000,SI
40000,63,29173,40000,NO
40000,64,40000,40000,SI
40000,65,27181,40000,NO
40000,66,4641,40000,NO
40000,67,4902,40000,NO
40000,68,30564,40000,NO
40000,69,2445,40000,NO
40000,70,40000,40000,SI
40000,71,21218,40000,NO
40000,72,40000,40000,SI
40000,73,18338,40000,NO
40000,74,33770,40000,NO
40000,75,40000,40000,SI
40000,76,24285,40000,NO
40000,77,16563,40000,NO
40000,78,40000,40000,SI
40000,79,9525,40000,NO
40000,80,17793,40000,NO
40000,81,40000,40000,SI
40000,82,39999,40000,NO
40000,83,40000,40000,SI
40000,84,18586,40000,NO
40000,85,13081,40000,NO
40000,86,2034,40000,NO
40000,87,9566,40000,NO
40000,88,26050,40000,NO
40000,89,40000,40000,SI
40000,90,40000,40000,SI
40000,91,40000,40000,SI
40000,92,39999,40000,NO
40000,93,39999,40000,NO
40000,94,35836,40000,NO
40000,95,34856,40000,NO
40000,96,24288,40000,NO
40000,97,40000,40000,SI
40000,98,40000,40000,SI
40000,99,40000,40000,SI
50000,0,25248,50000,NO
50000,1,8806,50000,NO
50000,2,3707,50000,NO
50000,3,50000,50000,SI
50000,4,15470,50000,NO
50000,5,50000,50000,SI
50000,6,37606,50000,NO
50000,7,50000,50000,SI
50000,8,50000,50000,SI
50000,9,30344,50000,NO
50000,10,50000,50000,SI
50000,11,50000,50000,SI
50000,12,49997,50000,NO
50000,13,50000,50000,SI
50000,14,7002,50000,NO
50000,15,13696,50000,NO
50000,16,23693,50000,NO
50000,17,50000,50000,SI
50000,18,49999,50000,NO
50000,19,44377,50000,NO
50000,20,50000,50000,SI
50000,21,10811,50000,NO
50000,22,50000,50000,SI
50000,23,19000,50000,NO
50000,24,50000,50000,SI
50000,25,24705,50000,NO
50000,26,48975,50000,NO
50000,27,42500,50000,NO
50000,28,7403,50000,NO
50000,29,35922,50000,NO
50000,30,49999,50000,NO
50000,31,805,50000,NO
50000,32,50000,50000,SI
50000,33,37378,50000,NO
50000,34,34665,50000,NO
50000,35,50000,50000,SI
50000,36,49999,50000,NO
50000,37,44696,50000,NO
50000,38,50000,50000,SI
50000,39,50000,50000,SI
50000,40,30056,50000,NO
50000,41,49999,50000,NO
50000,42,41906,50000,NO
50000,43,2527,50000,NO
50000,44,49998,50000,NO
50000,45,50000,50000,SI
50000,46,5006,50000,NO
50000,47,23059,50000,NO
50000,48,35925,50000,NO
50000,49,49999,50000,NO
50000,50,32607,50000,NO
50000,51,15960,50000,NO
50000,52,49995,50000,NO
50000,53,50000,50000,SI
50000,54,9010,50000,NO
50000,55,50000,50000,SI
50000,56,36685,50000,NO
50000,57,50000,50000,SI
50000,58,38061,50000,NO
50000,59,50000,50000,SI
50000,60,50000,50000,SI
50000,61,49999,50000,NO
50000,62,50000,50000,SI
50000,63,50000,50000,SI
50000,64,49999,50000,NO
50000,65,27181,50000,NO
50000,66,50000,50000,SI
50000,67,4902,50000,NO
50000,68,48607,50000,NO
50000,69,50000,50000,SI
50000,70,7762,50000,NO
50000,71,50000,50000,SI
50000,72,49999,50000,NO
50000,73,50000,50000,SI
50000,74,40018,50000,NO
50000,75,50000,50000,SI
50000,76,49998,50000,NO
50000,77,50000,50000,SI
50000,78,12299,50000,NO
50000,79,9525,50000,NO
50000,80,50000,50000,SI
50000,81,50000,50000,SI
50000,82,50000,50000,SI
50000,83,49999,50000,NO
50000,84,47942,50000,NO
50000,85,50000,50000,SI
50000,86,50000,50000,SI
50000,87,50000,50000,SI
50000,88,49996,50000,NO
50000,89,49999,50000,NO
50000,90,49999,50000,NO
50000,91,50000,50000,SI
50000,92,27594,50000,NO
50000,93,32398,50000,NO
50000,94,50000,50000,SI
50000,95,50000,50000,SI
50000,96,24288,50000,NO
50000,97,12750,50000,NO
50000,98,23357,50000,NO
50000,99,26476,50000,NO
