Dataset: A=[3, 6, 9, 12, 15, 18, 21, 24, 27, 30, 33, 36, 39, 42, 45, 48, 51, 54, 57, 60, 63, 66, 69, 72, 75, 78, 81, 84, 87, 90, 93, 96, 99, 102, 105, 108, 111, 114, 117, 120, 123, 126, 129, 132, 135, 138, 141, 144, 147, 150, 153, 156, 159, 162, 165, 168, 171, 174, 177, 180, 183, 186, 189, 192, 195, 198, 201, 204, 207, 210, 213, 216, 219, 222, 225, 228, 231, 234, 237, 240, 243, 246, 249, 252, 255, 258, 261, 264, 267, 270, 273, 276, 279, 282, 285, 288, 291, 294, 297, 300], B=15150
Tiempo subconjunto_factible_aproximacion: 0.11650007218122482 ms
subconjunto_factible_aproximacion: [300, 297, 294, 291, 288, 285, 282, 279, 276, 273, 270, 267, 264, 261, 258, 255, 252, 249, 246, 243, 240, 237, 234, 231, 228, 225, 222, 219, 216, 213, 210, 207, 204, 201, 198, 195, 192, 189, 186, 183, 180, 177, 174, 171, 168, 165, 162, 159, 156, 153, 150, 147, 144, 141, 138, 135, 132, 129, 126, 123, 120, 117, 114, 111, 108, 105, 102, 99, 96, 93, 90, 87, 84, 81, 78, 75, 72, 69, 66, 63, 60, 57, 54, 51, 48, 45, 42, 39, 36, 33, 30, 27, 24, 21, 18, 15, 12, 9, 6, 3]
----------------------------------------
Dataset: A=[4, 8, 12, 16, 20, 24, 28, 32, 36, 40, 44, 48, 52, 56, 60, 64, 68, 72, 76, 80, 84, 88, 92, 96, 100, 104, 108, 112, 116, 120, 124, 128, 132, 136, 140, 144, 148, 152, 156, 160, 164, 168, 172, 176, 180, 184, 188, 192, 196, 200, 204, 208, 212, 216, 220, 224, 228, 232, 236, 240, 244, 248, 252, 256, 260, 264, 268, 272, 276, 280, 284, 288, 292, 296, 300, 304, 308, 312, 316, 320, 324, 328, 332, 336, 340, 344, 348, 352, 356, 360, 364, 368, 372, 376, 380, 384, 388, 392, 396, 400], B=20200
Tiempo subconjunto_factible_aproximacion: 0.09169988334178925 ms
subconjunto_factible_aproximacion: [400, 396, 392, 388, 384, 380, 376, 372, 368, 364, 360, 356, 352, 348, 344, 340, 336, 332, 328, 324, 320, 316, 312, 308, 304, 300, 296, 292, 288, 284, 280, 276, 272, 268, 264, 260, 256, 252, 248, 244, 240, 236, 232, 228, 224, 220, 216, 212, 208, 204, 200, 196, 192, 188, 184, 180, 176, 172, 168, 164, 160, 156, 152, 148, 144, 140, 136, 132, 128, 124, 120, 116, 112, 108, 104, 100, 96, 92, 88, 84, 80, 76, 72, 68, 64, 60, 56, 52, 48, 44, 40, 36, 32, 28, 24, 20, 16, 12, 8, 4]
----------------------------------------
Dataset: A=[6, 12, 18, 24, 30, 36, 42, 48, 54, 60, 66, 72, 78, 84, 90, 96, 102, 108, 114, 120, 126, 132, 138, 144, 150, 156, 162, 168, 174, 180, 186, 192, 198, 204, 210, 216, 222, 228, 234, 240, 246, 252, 258, 264, 270, 276, 282, 288, 294, 300, 306, 312, 318, 324, 330, 336, 342, 348, 354, 360, 366, 372, 378, 384, 390, 396, 402, 408, 414, 420, 426, 432, 438, 444, 450, 456, 462, 468, 474, 480, 486, 492, 498, 504, 510, 516, 522, 528, 534, 540, 546, 552, 558, 564, 570, 576, 582, 588, 594, 600], B=30300
Tiempo subconjunto_factible_aproximacion: 0.03829970955848694 ms
subconjunto_factible_aproximacion: [600, 594, 588, 582, 576, 570, 564, 558, 552, 546, 540, 534, 528, 522, 516, 510, 504, 498, 492, 486, 480, 474, 468, 462, 456, 450, 444, 438, 432, 426, 420, 414, 408, 402, 396, 390, 384, 378, 372, 366, 360, 354, 348, 342, 336, 330, 324, 318, 312, 306, 300, 294, 288, 282, 276, 270, 264, 258, 252, 246, 240, 234, 228, 222, 216, 210, 204, 198, 192, 186, 180, 174, 168, 162, 156, 150, 144, 138, 132, 126, 120, 114, 108, 102, 96, 90, 84, 78, 72, 66, 60, 54, 48, 42, 36, 30, 24, 18, 12, 6]
----------------------------------------
Dataset: A=[7, 14, 21, 28, 35, 42, 49, 56, 63, 70, 77, 84, 91, 98, 105, 112, 119, 126, 133, 140, 147, 154, 161, 168, 175, 182, 189, 196, 203, 210, 217, 224, 231, 238, 245, 252, 259, 266, 273, 280, 287, 294, 301, 308, 315, 322, 329, 336, 343, 350, 357, 364, 371, 378, 385, 392, 399, 406, 413, 420, 427, 434, 441, 448, 455, 462, 469, 476, 483, 490, 497, 504, 511, 518, 525, 532, 539, 546, 553, 560, 567, 574, 581, 588, 595, 602, 609, 616, 623, 630, 637, 644, 651, 658, 665, 672, 679, 686, 693, 700], B=35350
Tiempo subconjunto_factible_aproximacion: 0.03929995000362396 ms
subconjunto_factible_aproximacion: [700, 693, 686, 679, 672, 665, 658, 651, 644, 637, 630, 623, 616, 609, 602, 595, 588, 581, 574, 567, 560, 553, 546, 539, 532, 525, 518, 511, 504, 497, 490, 483, 476, 469, 462, 455, 448, 441, 434, 427, 420, 413, 406, 399, 392, 385, 378, 371, 364, 357, 350, 343, 336, 329, 322, 315, 308, 301, 294, 287, 280, 273, 266, 259, 252, 245, 238, 231, 224, 217, 210, 203, 196, 189, 182, 175, 168, 161, 154, 147, 140, 133, 126, 119, 112, 105, 98, 91, 84, 77, 70, 63, 56, 49, 42, 35, 28, 21, 14, 7]
----------------------------------------
Dataset: A=[8, 16, 24, 32, 40, 48, 56, 64, 72, 80, 88, 96, 104, 112, 120, 128, 136, 144, 152, 160, 168, 176, 184, 192, 200, 208, 216, 224, 232, 240, 248, 256, 264, 272, 280, 288, 296, 304, 312, 320, 328, 336, 344, 352, 360, 368, 376, 384, 392, 400, 408, 416, 424, 432, 440, 448, 456, 464, 472, 480, 488, 496, 504, 512, 520, 528, 536, 544, 552, 560, 568, 576, 584, 592, 600, 608, 616, 624, 632, 640, 648, 656, 664, 672, 680, 688, 696, 704, 712, 720, 728, 736, 744, 752, 760, 768, 776, 784, 792, 800], B=40400
Tiempo subconjunto_factible_aproximacion: 0.03700004890561104 ms
subconjunto_factible_aproximacion: [800, 792, 784, 776, 768, 760, 752, 744, 736, 728, 720, 712, 704, 696, 688, 680, 672, 664, 656, 648, 640, 632, 624, 616, 608, 600, 592, 584, 576, 568, 560, 552, 544, 536, 528, 520, 512, 504, 496, 488, 480, 472, 464, 456, 448, 440, 432, 424, 416, 408, 400, 392, 384, 376, 368, 360, 352, 344, 336, 328, 320, 312, 304, 296, 288, 280, 272, 264, 256, 248, 240, 232, 224, 216, 208, 200, 192, 184, 176, 168, 160, 152, 144, 136, 128, 120, 112, 104, 96, 88, 80, 72, 64, 56, 48, 40, 32, 24, 16, 8]
----------------------------------------
Dataset: A=[9, 18, 27, 36, 45, 54, 63, 72, 81, 90, 99, 108, 117, 126, 135, 144, 153, 162, 171, 180, 189, 198, 207, 216, 225, 234, 243, 252, 261, 270, 279, 288, 297, 306, 315, 324, 333, 342, 351, 360, 369, 378, 387, 396, 405, 414, 423, 432, 441, 450, 459, 468, 477, 486, 495, 504, 513, 522, 531, 540, 549, 558, 567, 576, 585, 594, 603, 612, 621, 630, 639, 648, 657, 666, 675, 684, 693, 702, 711, 720, 729, 738, 747, 756, 765, 774, 783, 792, 801, 810, 819, 828, 837, 846, 855, 864, 873, 882, 891, 900], B=45450
Tiempo subconjunto_factible_aproximacion: 0.0713001936674118 ms
subconjunto_factible_aproximacion: [900, 891, 882, 873, 864, 855, 846, 837, 828, 819, 810, 801, 792, 783, 774, 765, 756, 747, 738, 729, 720, 711, 702, 693, 684, 675, 666, 657, 648, 639, 630, 621, 612, 603, 594, 585, 576, 567, 558, 549, 540, 531, 522, 513, 504, 495, 486, 477, 468, 459, 450, 441, 432, 423, 414, 405, 396, 387, 378, 369, 360, 351, 342, 333, 324, 315, 306, 297, 288, 279, 270, 261, 252, 243, 234, 225, 216, 207, 198, 189, 180, 171, 162, 153, 144, 135, 126, 117, 108, 99, 90, 81, 72, 63, 54, 45, 36, 27, 18, 9]
----------------------------------------
Dataset: A=[11, 22, 33, 44, 55, 66, 77, 88, 99, 110, 121, 132, 143, 154, 165, 176, 187, 198, 209, 220, 231, 242, 253, 264, 275, 286, 297, 308, 319, 330, 341, 352, 363, 374, 385, 396, 407, 418, 429, 440, 451, 462, 473, 484, 495, 506, 517, 528, 539, 550, 561, 572, 583, 594, 605, 616, 627, 638, 649, 660, 671, 682, 693, 704, 715, 726, 737, 748, 759, 770, 781, 792, 803, 814, 825, 836, 847, 858, 869, 880, 891, 902, 913, 924, 935, 946, 957, 968, 979, 990, 1001, 1012, 1023, 1034, 1045, 1056, 1067, 1078, 1089, 1100], B=55550
Tiempo subconjunto_factible_aproximacion: 0.06689969450235367 ms
subconjunto_factible_aproximacion: [1100, 1089, 1078, 1067, 1056, 1045, 1034, 1023, 1012, 1001, 990, 979, 968, 957, 946, 935, 924, 913, 902, 891, 880, 869, 858, 847, 836, 825, 814, 803, 792, 781, 770, 759, 748, 737, 726, 715, 704, 693, 682, 671, 660, 649, 638, 627, 616, 605, 594, 583, 572, 561, 550, 539, 528, 517, 506, 495, 484, 473, 462, 451, 440, 429, 418, 407, 396, 385, 374, 363, 352, 341, 330, 319, 308, 297, 286, 275, 264, 253, 242, 231, 220, 209, 198, 187, 176, 165, 154, 143, 132, 121, 110, 99, 88, 77, 66, 55, 44, 33, 22, 11]
----------------------------------------
Dataset: A=[12, 24, 36, 48, 60, 72, 84, 96, 108, 120, 132, 144, 156, 168, 180, 192, 204, 216, 228, 240, 252, 264, 276, 288, 300, 312, 324, 336, 348, 360, 372, 384, 396, 408, 420, 432, 444, 456, 468, 480, 492, 504, 516, 528, 540, 552, 564, 576, 588, 600, 612, 624, 636, 648, 660, 672, 684, 696, 708, 720, 732, 744, 756, 768, 780, 792, 804, 816, 828, 840, 852, 864, 876, 888, 900, 912, 924, 936, 948, 960, 972, 984, 996, 1008, 1020, 1032, 1044, 1056, 1068, 1080, 1092, 1104, 1116, 1128, 1140, 1152, 1164, 1176, 1188, 1200], B=60600
Tiempo subconjunto_factible_aproximacion: 0.03200024366378784 ms
subconjunto_factible_aproximacion: [1200, 1188, 1176, 1164, 1152, 1140, 1128, 1116, 1104, 1092, 1080, 1068, 1056, 1044, 1032, 1020, 1008, 996, 984, 972, 960, 948, 936, 924, 912, 900, 888, 876, 864, 852, 840, 828, 816, 804, 792, 780, 768, 756, 744, 732, 720, 708, 696, 684, 672, 660, 648, 636, 624, 612, 600, 588, 576, 564, 552, 540, 528, 516, 504, 492, 480, 468, 456, 444, 432, 420, 408, 396, 384, 372, 360, 348, 336, 324, 312, 300, 288, 276, 264, 252, 240, 228, 216, 204, 192, 180, 168, 156, 144, 132, 120, 108, 96, 84, 72, 60, 48, 36, 24, 12]
----------------------------------------
Dataset: A=[13, 26, 39, 52, 65, 78, 91, 104, 117, 130, 143, 156, 169, 182, 195, 208, 221, 234, 247, 260, 273, 286, 299, 312, 325, 338, 351, 364, 377, 390, 403, 416, 429, 442, 455, 468, 481, 494, 507, 520, 533, 546, 559, 572, 585, 598, 611, 624, 637, 650, 663, 676, 689, 702, 715, 728, 741, 754, 767, 780, 793, 806, 819, 832, 845, 858, 871, 884, 897, 910, 923, 936, 949, 962, 975, 988, 1001, 1014, 1027, 1040, 1053, 1066, 1079, 1092, 1105, 1118, 1131, 1144, 1157, 1170, 1183, 1196, 1209, 1222, 1235, 1248, 1261, 1274, 1287, 1300], B=65650
Tiempo subconjunto_factible_aproximacion: 0.06669992581009865 ms
subconjunto_factible_aproximacion: [1300, 1287, 1274, 1261, 1248, 1235, 1222, 1209, 1196, 1183, 1170, 1157, 1144, 1131, 1118, 1105, 1092, 1079, 1066, 1053, 1040, 1027, 1014, 1001, 988, 975, 962, 949, 936, 923, 910, 897, 884, 871, 858, 845, 832, 819, 806, 793, 780, 767, 754, 741, 728, 715, 702, 689, 676, 663, 650, 637, 624, 611, 598, 585, 572, 559, 546, 533, 520, 507, 494, 481, 468, 455, 442, 429, 416, 403, 390, 377, 364, 351, 338, 325, 312, 299, 286, 273, 260, 247, 234, 221, 208, 195, 182, 169, 156, 143, 130, 117, 104, 91, 78, 65, 52, 39, 26, 13]
----------------------------------------
Dataset: A=[14, 28, 42, 56, 70, 84, 98, 112, 126, 140, 154, 168, 182, 196, 210, 224, 238, 252, 266, 280, 294, 308, 322, 336, 350, 364, 378, 392, 406, 420, 434, 448, 462, 476, 490, 504, 518, 532, 546, 560, 574, 588, 602, 616, 630, 644, 658, 672, 686, 700, 714, 728, 742, 756, 770, 784, 798, 812, 826, 840, 854, 868, 882, 896, 910, 924, 938, 952, 966, 980, 994, 1008, 1022, 1036, 1050, 1064, 1078, 1092, 1106, 1120, 1134, 1148, 1162, 1176, 1190, 1204, 1218, 1232, 1246, 1260, 1274, 1288, 1302, 1316, 1330, 1344, 1358, 1372, 1386, 1400], B=70700
Tiempo subconjunto_factible_aproximacion: 0.07449975237250328 ms
subconjunto_factible_aproximacion: [1400, 1386, 1372, 1358, 1344, 1330, 1316, 1302, 1288, 1274, 1260, 1246, 1232, 1218, 1204, 1190, 1176, 1162, 1148, 1134, 1120, 1106, 1092, 1078, 1064, 1050, 1036, 1022, 1008, 994, 980, 966, 952, 938, 924, 910, 896, 882, 868, 854, 840, 826, 812, 798,subconjunto_factible_aproximacion: [1400, 1386, 1372, 1358, 1344, 1330, 1316, 1302, 1288, 1274, 1260, 1246, 1232, 1218, 1204, 1190, 1176, 1162, 1148, 1134, 1120, 1106, 1092, 1078, 1064, 1050, 1036, 1022, 1008, 994, 980, 966, 952, 938, 924, 910, 896, 882, 868, 854, 840, 826, 812, 798,, 1148, 1134, 1120, 1106, 1092, 1078, 1064, 1050, 1036, 1022, 1008, 994, 980, 966, 952, 938, 924, 910, 896, 882, 868, 854, 840, 826, 812, 798, 784, 770, 756, 742, 728, 714, 700, 686, 672, 658, 644, 630, 616, 602, 588, 574, 560, 546, 532, 518, 504, 490, 476, 462, 448, 434, 420, 406, 392, 378, 364, 350, 336, 322, 308, 294, 280, 266, 252, 238, 224, 210, 196, 182, 168, 154, 140, 126, 112, 98, 84, 70, 56, 42, 28, 14]
----------------------------------------