614,677,869,97,279,198,318,209,161,94,155,693,424,616,443,809,744,312,55,564,805,385,363,170,561,798,874,394,351,548,364,636,831,828,643,986,832,241,385,59,886,434,633,460,806,307,110,301,699,36,378,518,399,536,86,740,436,89,820,550,747,694,625,14,652,769,992,710,299,420,866,350,310,3,782,871,265,434,643,639,82,271,765,91,831,253,283,574,687,592,84,436,857,867,943,60,784,966,748,354;15876
877,945,849,691,52,716,291,593,413,871,786,221,188,744,503,290,599,442,97,826,467,663,622,448,698,490,59,310,906,126,709,429,708,930,344,113,907,298,354,846,106,341,652,662,693,843,555,43,719,569,493,692,382,1,895,798,845,621,331,973,188,827,252,390,122,82,684,355,43,226,384,364,403,112,563,769,786,542,547,630,457,867,503,782,521,424,898,2,182,224,766,887,457,698,524,219,327,546,103,833,324,968,865,197,813,201,825,753,79,846,246,943,132,734,738,167,95,648,314,514,94,814,883,661,888,40,653,820,86,613,286,366,389,720,492,598,410,464,970,525,162,395,51,635,946,676,530,420,929,630,78,375,175,717,441,94,61,490,405,994,878,361,960,778,980,880,928,491,887,483,366,334,71,846,603,996,826,237,577,718,59,412,541,297,951,228,912,824,603,869,19,83,452,827,147,746,820,653,663,250;71570
318,271,896,346,214,931,104,321,13,825,174,818,702,760,853,597,274,396,206,244,63,593,790,746,872,162,262,667,828,129,621,411,890,580,22,253,664,966,766,777,583,358,391,349,76,292,991,91,410,410,358,644,130,895,530,834,721,74,733,272,977,481,42,280,469,106,844,405,159,841,41,932,635,435,351,703,789,16,194,785,455,88,501,847,275,563,269,812,573,881,414,486,828,377,887,857,229,242,870,582,854,137,894,927,316,284,640,536,870,521,423,465,624,234,612,404,535,544,50,257,403,257,673,220,126,843,765,715,922,626,805,453,693,719,67,770,683,133,727,761,559,616,731,169,834,670,278,167,259,566,123,754,903,373,577,440,43,744,372,457,417,335,119,981,381,992,12,347,95,869,54,28,227,204,160,575,755,751,307,960,827,281,369,634,589,150,217,919,415,68,687,397,559,702,392,109,896,348,814,335,972,55,989,90,29,142,993,195,483,754,943,887,672,113,627,630,664,982,298,578,775,650,233,155,679,799,933,890,621,786,915,711,111,58,28,739,800,369,599,255,227,345,920,779,942,116,47,687,185,999,7,648,838,382,144,328,323,853,766,822,169,624,560,385,254,889,443,537,693,728,681,212,165,658,52,86,744,571,570,599,890,297,654,707,208,884,962,298,559,134,379,315,776,682,550,230,3,162,794,513;81307
698,584,532,807,609,831,608,961,922,513,817,633,244,285,669,249,865,269,436,893,623,318,409,382,46,576,726,299,977,628,586,201,755,157,842,267,118,198,66,999,557,825,609,595,941,672,805,398,907,252,370,175,326,986,878,501,409,982,178,85,358,840,841,268,627,790,288,531,917,155,558,788,586,202,571,989,175,696,794,31,303,886,276,675,641,199,724,167,208,936,257,872,830,594,435,440,709,982,39,276,705,929,447,804,507,134,642,241,546,121,858,210,154,865,390,296,730,116,166,971,218,429,812,495,878,797,885,647,539,546,525,881,553,401,235,4,348,879,781,167,541,670,80,912,119,876,482,574,521,917,866,600,777,629,351,640,345,555,466,920,237,261,124,521,990,313,27,629,141,17,791,112,459,780,97,85,384,121,806,900,226,9,105,742,857,962,970,926,631,351,622,240,15,757,350,808,724,153,756,421,749,237,850,156,96,814,898,511,895,955,186,976,414,408,725,961,63,15,520,628,635,989,506,538,639,953,964,928,311,173,915,246,629,845,905,749,490,271,246,39,354,78,666,273,564,648,392,369,247,615,380,773,855,491,366,712,570,715,184,688,749,736,835,67,352,125,779,411,106,395,643,513,326,217,64,343,792,516,626,109,482,944,929,124,618,572,532,892,798,81,84,548,64,579,737,274,697,56,230,343,239,176,769,485,336,413,61,644,567,592,353,374,197,360,987,873,376,645,807,842,714,436,46,749,124,22,49,984,951,852,913,368,546,799,731,32,359,729,394,143,634,394,985,71,922,110,775,239,323,394,540,804,399,32,986,831,549,40,720,97,956,1000,537,674,110,503,228,846,281,724,997,902,801,441,835,955,302,783,758,17,90,562,256,539,637,262,852,241,132,77,837,946,446,347,355,92,569,647,567,629;86507
665,673,648,77,471,642,153,755,204,846,230,158,308,152,282,928,134,162,176,530,686,821,148,704,255,71,895,107,529,705,484,485,96,668,415,299,315,95,188,429,584,626,45,300,37,653,218,981,106,609,707,907,376,898,366,997,272,842,161,697,857,383,933,744,370,726,934,477,505,688,352,280,438,743,189,907,737,599,201,544,193,44,813,545,503,54,405,236,630,147,333,494,537,80,527,434,861,883,704,870,107,306,457,10,543,925,660,615,910,541,5,50,37,595,69,778,137,856,198,154,715,654,715,210,336,984,284,906,240,159,343,82,534,951,723,336,948,793,154,948,612,410,82,918,701,286,45,791,247,441,14,194,84,739,597,763,423,430,197,906,30,772,220,471,84,989,606,780,420,810,223,100,857,639,430,65,374,995,585,374,302,72,917,761,548,279,43,191,644,657,464,715,549,690,432,577,35,654,695,888,741,192,282,551,63,680,782,44,840,843,701,318,930,917,519,92,388,37,807,626,871,738,818,306,660,695,709,103,515,367,927,731,21,305,483,312,284,936,97,605,258,885,149,456,594,53,872,137,259,968,664,421,47,115,185,998,573,349,117,940,74,660,102,222,57,139,132,411,463,891,983,1000,400,176,532,58,200,464,160,323,684,356,613,567,476,742,980,314,328,197,153,675,490,257,126,271,771,935,402,57,718,477,490,671,485,999,964,188,32,812,484,272,659,575,642,519,740,321,196,689,606,32,432,777,884,580,134,68,25,835,763,67,108,104,756,852,540,538,668,792,934,878,461,88,214,429,248,153,640,566,789,217,552,677,545,999,314,281,333,514,383,473,715,766,332,980,469,543,266,804,50,892,560,678,802,838,298,761,589,478,6,940,557,137,407,499,126,221,247,49,8,924,303,488,638,940,282,848,893,299,433,985,842,795,828,815,934,328,893,47,898,990,307,567,974,784,179,115,176,891,120,524,226,344,178,623,21,141,701,542,282,673,215,51,476,296,815,588,513,612,339,782,2,829,376,191,723,779,322,701,145,468,747,229,413,963,95,800,73,22,909,237,520,339,775,36,45,913,267,156,521,300,477,123,745,719,634,857,278,899,816,918,351,383,877,714,982,466,129,517,360,454,688,624,241,503,577,347,113,9;158306
983,303,933,636,792,55,878,700,453,522,831,958,329,555,795,114,111,222,884,713,293,145,667,252,595,649,996,794,415,431,150,76,95,43,542,410,714,16,739,255,249,489,255,591,850,228,508,464,220,469,151,245,678,121,829,603,208,92,716,194,587,754,478,776,265,621,725,870,142,279,212,762,571,40,189,286,934,867,522,849,587,761,978,239,388,708,37,247,910,232,668,260,515,282,728,909,905,740,812,867,73,362,70,627,116,329,489,332,307,972,421,741,337,275,611,944,553,295,724,639,759,204,940,748,631,261,86,398,860,163,940,796,798,285,328,975,520,475,405,70,218,570,630,822,791,35,709,711,884,843,975,898,755,801,451,896,544,114,377,165,52,492,276,585,405,744,266,862,187,250,990,965,971,17,401,285,586,184,546,868,729,752,987,418,130,42,100,407,466,914,671,35,770,424,366,339,467,764,25,122,691,150,983,696,96,431,962,866,945,74,825,150,426,812,453,217,346,384,774,473,368,74,769,456,89,31,492,836,421,247,216,603,330,958,274,147,774,135,775,937,340,788,794,905,268,890,290,509,342,91,223,851,144,915,151,589,620,595,190,436,427,161,928,385,200,203,133,471,429,978,628,849,157,801,988,849,160,672,53,61,318,223,768,136,339,854,80,58,290,855,749,154,134,32,71,384,456,748,998,849,24,421,464,516,283,839,828,62,780,611,913,507,427,878,222,66,67,726,24,147,468,14,928,257,40,363,784,898,479,890,514,139,480,154,182,750,947,582,872,203,251,40,688,488,373,582,29,354,754,622,776,193,972,840,209,977,52,487,212,643,39,450,951,903,200,846,459,460,389,3,473,221,794,761,72,381,169,933,431,693,678,566,795,478,661,94,308,812,13,522,679,733,265,607,825,173,974,132,976,963,948,523,598,494,987,902,822,794,684,487,728,837,482,423,601,558,360,868,327,920,113,98,307,377,449,435,699,533,317,243,81,897,234,548,573,967,605,322,182,558,899,701,687,54,685,527,70,464,863,649,416,846,622,623,254,846,459,139,828,12,535,538,183,658,519,938,686,560,615,739,377,934,882,842,591,786,88,353,958,8,511,673,753,360,141,575,682,325,482,747,630,212,196,554,486,385,811,938,409,807,275,783,950,704,18,659,900,242,986,823,474,941,666,531,7,756,436,510,14,175,474,58,525,222,487,305,698,753,75,90,849,83,808,323,971,552,852,258,721,288,489,310,676,394,59,94,886,213,421,109,865,131,819,83,688,76,98,118,583,10,737,961,850,447,799,325,587,799,341,486,246,961,795,488,585,862,633,970,385,765,920,629,9,883,118,23,659,233,25,642,727,656,396,728,829,295,248,582,632,236;106207
12,502,116,436,515,199,715,141,882,861,621,525,3,537,510,921,862,312,311,456,239,257,302,62,622,544,301,953,463,164,634,890,937,674,460,729,929,562,942,103,679,74,468,294,867,323,814,506,201,486,696,851,9,678,520,947,321,502,791,270,843,994,883,236,940,676,110,313,300,186,822,931,367,49,548,631,899,115,443,299,181,810,35,298,194,15,406,669,226,165,289,514,691,516,338,273,788,469,470,470,938,961,124,119,491,586,484,324,683,607,24,332,22,278,729,596,564,478,493,179,781,914,722,506,472,291,264,912,581,814,363,544,339,465,662,211,468,726,268,294,269,561,941,348,524,758,840,795,708,343,360,815,660,635,949,176,771,77,990,592,530,387,526,557,647,507,400,449,985,578,393,828,664,32,974,782,731,598,177,753,733,537,886,286,728,639,36,415,686,737,729,989,696,335,157,438,828,64,794,609,174,546,833,896,800,640,310,935,57,44,120,753,411,377,728,258,846,466,487,163,897,171,503,52,464,972,599,975,523,651,631,729,836,204,307,643,517,528,34,771,225,795,236,618,219,677,158,672,367,990,978,615,619,668,367,122,302,584,158,982,906,406,151,897,690,487,726,191,921,147,116,388,515,960,948,637,662,70,404,801,124,884,184,573,459,606,446,167,678,425,19,697,741,744,956,150,371,390,816,543,193,946,544,719,32,377,826,109,817,875,963,950,397,309,183,225,281,79,577,348,772,162,298,8,538,389,327,921,256,504,942,254,994,862,889,588,934,334,863,79,297,878,671,598,207,667,671,549,105,900,917,509,723,627,575,73,476,85,474,935,547,185,713,990,470,735,510,938,374,827,340,855,899,375,133,413,708,992,147,837,348,154,117,52,778,925,679,345,792,751,878,919,241,955,38,176,13,21,487,696,991,67,237,889,631,482,308,446,524,960,52,750,758,191,670,482,182,86,615,896,11,950,745,685,580,579,490,37,661,259,103,990,835,490,518,756,616,724,735,552,987,553,914,868,871,115,376,248,586,488,160,250,172,395,613,709,688,874,201,97,861,911,503,469,978,228,249,861,643,235,581,313,934,796,371,884,209,476,977,577,877,177,530,806,581,558,106,200,805,495,354,747,881,839,721,774,670,397,244,402,343,58,53,400,269,703,482,806,486,337,789,511,26,394,753,456,551,962,172,366,569,245,541,791,188,661,934,663,772,611,350,359,506,920,277,60,25,890,33,566,973,415,867,933,599,999,299,1000,7,613,381,497,134,137,617,91,784,516,448,662,55,210,990,81,108,634,281,299,805,46,251,229,821,454,971,714,538,526,610,201,433,267,90,56,400,3,196,143,214,295,243,759,309,300,261,202,516,281,40,621,663,477,849,237,602,159,362,786,593,701,841,331,783,472,230,97,126,581,386,591,246,895,528,508,32,332,230,662,954,809,80,932,225,654,739,668,698,257,39,465,118,84,707,947,932,637,660,375,95,898,490,457,93,745,771,575,746,172,704,884,574,128,360,461,70,473,408,592,922,966,616,232,45,83,537,425,144,719,970,828,25,293,760,666,973,367,88,484,773,221,76,548,944,496,502,195,820,513,457,417;174772
247,899,44,648,917,678,315,898,654,522,720,747,447,702,994,338,744,667,399,778,766,35,121,301,862,635,96,203,749,964,47,887,158,371,525,470,607,631,512,134,346,792,718,439,803,561,838,89,202,17,533,408,156,64,987,443,721,495,925,485,359,928,495,701,987,733,941,181,731,309,699,769,226,274,541,165,132,202,81,722,606,905,8,558,697,627,154,577,52,3,7,431,962,729,827,912,441,40,96,766,528,918,18,727,5,942,548,79,737,473,458,265,286,987,355,143,631,496,692,774,185,113,242,655,879,516,40,875,642,16,747,490,250,668,94,808,209,635,937,756,994,167,722,56,772,523,18,387,113,388,612,88,983,422,728,495,64,725,768,152,121,799,856,393,873,494,31,160,970,510,277,558,289,24,263,252,676,821,185,495,271,671,380,178,567,973,824,984,399,380,865,486,21,522,407,434,684,694,764,456,373,600,411,258,229,299,176,550,988,642,943,617,867,496,604,113,529,126,917,669,359,956,985,671,294,914,626,118,3,708,405,99,429,268,943,565,59,501,143,727,592,455,925,724,565,887,751,244,223,349,807,72,26,682,400,581,241,237,823,108,872,447,485,573,928,831,106,20,769,601,520,545,193,167,636,595,263,779,417,203,774,206,372,337,917,390,703,696,875,826,764,858,644,982,92,813,596,474,469,118,525,917,481,483,602,63,666,638,389,345,902,686,298,850,645,835,792,819,71,231,480,622,859,128,492,44,967,793,299,670,983,443,954,443,188,633,347,655,826,230,449,641,430,615,611,483,934,967,662,281,516,610,265,101,554,562,777,706,596,132,785,556,234,423,936,949,212,152,210,673,202,738,249,485,414,616,722,650,163,488,884,446,250,592,981,820,561,176,301,567,698,844,489,720,730,976,280,106,592,613,266,284,664,297,807,415,9,232,830,986,993,104,278,383,795,4,616,152,163,92,844,442,735,339,126,165,513,503,473,285,468,811,263,507,248,627,793,509,95,708,979,839,737,631,963,677,477,84,379,768,673,601,11,195,77,974,687,360,888,939,945,385,738,18,294,945,644,107,778,868,545,96,903,508,628,284,264,636,250,497,718,716,344,639,98,200,73,173,454,946,577,526,688,955,871,221,623,630,163,842,681,983,509,934,650,699,708,71,965,124,522,480,740,438,158,992,820,376,78,67,119,314,957,954,940,666,163,367,454,528,505,54,371,126,184,435,491,278,203,732,364,751,221,769,511,431,252,562,444,271,940,384,488,888,667,991,184,47,197,552,864,155,931,7,133,917,480,444,933,751,450,485,934,482,979,365,499,103,636,332,230,621,729,535,31,708,469,216,661,673,966,757,564,118,57,871,162,516,378,639,142,732,436,258,474,782,511,985,207,502,758,333,791,529,996,697,527,309,264,302,915,330,220,23,74,488,44,38,479,71,485,701,18,277,866,303,203,551,553,679,363,884,491,870,50,789,356,983,348,479,117,666,288,886,799,581,20,396,155,318,444,211,115,884,766,901,494,569,230,218,476,200,791,565,777,74,24,568,243,738,802,737,991,192,355,378,757,887,147,994,389,347,955,52,921,413,952,723,858,150,95,259,942,334,829,40,367,926,904,158,736,438,175,659,925,22,175,681,746,136,373,239,520,65,42,834,532,745,899,458,991,981,835,557,926,321,923,635,69,812,836,983,945,176,688,749,678,322,843,725,679,660,351,6,608,827,723,302,81,119,189,43,401,759,90,657,897,442,123,874,619,779,299,221,196,952,606,179,427,43,979,739,120,539,902,293,294,594,636,320,306,308,304,950,246,935,517,450,183,294;203551
919,522,380,682,521,782,523,880,738,198,89,352,721,274,651,154,426,450,367,979,364,867,382,840,93,134,942,868,883,787,723,588,917,735,232,674,843,216,467,625,591,854,61,556,582,338,421,375,322,504,107,956,340,67,517,3,996,321,906,354,592,753,70,414,691,302,754,932,812,760,980,223,459,811,399,425,240,315,124,474,353,875,681,254,548,935,41,507,566,220,156,815,794,79,812,504,443,193,229,277,626,616,278,106,944,105,100,963,61,901,917,601,984,225,478,153,911,507,462,934,606,889,999,411,961,846,621,281,926,848,447,402,705,318,296,600,962,783,974,842,437,533,851,49,776,324,176,492,744,814,267,204,144,228,742,249,87,460,43,343,281,432,800,141,428,26,547,591,889,374,252,228,804,241,904,346,624,718,95,439,397,364,380,397,665,529,158,260,332,142,985,62,292,933,320,340,771,348,415,813,160,390,240,765,808,743,473,756,436,276,583,177,197,245,167,69,469,286,295,431,446,845,350,354,519,43,515,159,566,246,914,353,540,173,911,320,39,596,277,930,148,40,762,441,545,109,110,682,422,799,920,287,490,137,795,364,460,64,271,228,527,195,767,652,433,597,930,989,378,467,739,922,661,480,264,566,958,843,790,264,978,48,479,570,125,968,851,728,293,566,18,356,129,279,275,481,801,978,771,334,632,501,925,963,269,227,456,157,368,779,473,511,940,911,537,981,134,432,863,496,452,457,767,540,581,247,386,331,634,166,103,534,529,849,412,575,76,148,398,409,381,681,738,733,28,672,161,509,429,479,447,480,617,305,180,561,684,920,662,115,868,25,658,846,470,905,467,576,730,662,563,566,540,56,191,378,29,298,557,797,987,457,137,345,944,538,571,592,919,522,525,777,179,573,539,811,249,798,889,217,236,515,964,496,984,360,813,620,489,743,710,591,257,253,85,386,911,265,57,202,412,751,164,54,48,947,645,89,140,872,213,323,961,421,172,28,194,931,504,920,104,542,72,28,345,554,663,928,700,419,630,441,589,855,82,677,214,835,662,159,251,856,793,929,334,202,55,600,431,888,357,561,821,1000,999,858,468,678,656,965,862,400,617,581,898,785,836,789,689,172,841,580,820,372,612,748,754,883,463,937,193,516,942,44,726,637,918,487,840,433,301,138,769,283,147,716,694,501,328,234,593,438,155,230,880,325,597,812,684,195,313,12,223,605,449,652,406,431,98,67,906,47,927,119,782,66,347,86,49,804,721,525,317,556,858,727,471,663,473,53,995,333,356,801,935,756,952,982,337,26,18,976,857,579,52,525,338,846,431,354,167,844,78,360,723,771,868,203,281,965,576,710,291,115,856,6,430,419,403,349,677,412,176,370,631,681,992,95,606,849,681,182,801,250,976,53,343,455,937,553,348,492,882,36,831,542,190,547,650,400,332,243,228,952,465,899,971,263,781,765,768,712,584,44,606,611,571,214,614,540,209,389,158,822,570,47,310,856,624,112,361,430,110,903,222,595,533,483,595,475,742,387,975,779,583,185,641,753,653,207,588,410,522,330,731,657,77,409,435,870,727,894,968,294,391,411,595,408,599,522,6,320,441,596,118,279,821,635,769,931,287,715,968,918,941,787,433,716,560,507,88,919,994,104,327,84,918,19,796,901,897,775,808,240,173,302,245,894,303,223,995,737,58,224,430,398,335,866,69,486,312,268,528,780,147,65,978,747,201,269,444,738,751,203,716,651,212,558,611,400,646,872,121,542,860,959,475,174,369,594,668,881,923,241,965,447,468,98,655,805,673,124,567,883,833,252,989,475,723,297,465,324,471,250,43,567,928,54,693,720,243,162,392,977,910,693,325,536,24,265,745,459,226,376,233,763,485,945,685,995,921,737,495,64,599,14,228,220,332,706,540,226,643,305,157,119,670,97,817,922,617,666,210,425,289,855,338,578,402,53,884,693,7,854,440,908,611,441,527,662,248,837,871,171,67,469,854,661,526,375,773,552,901,709,505,207,899,15,481,647,297,338,274,90,585,109,201,10,444,133;260718
741,603,30,101,964,740,729,983,836,882,968,746,32,208,705,256,440,82,559,339,769,39,531,335,46,167,171,560,97,626,132,411,107,142,310,278,187,902,789,207,857,920,188,907,961,557,98,423,834,270,976,269,880,306,141,839,502,331,199,675,300,961,905,107,211,262,960,628,167,498,857,351,960,756,175,703,386,553,784,481,353,138,926,906,689,498,233,18,956,102,247,679,756,110,337,664,478,74,241,716,643,3,61,288,230,773,911,757,759,16,716,117,297,52,608,990,667,240,815,129,714,106,282,649,866,793,371,163,651,551,873,248,330,229,490,119,369,549,549,152,486,547,481,936,144,616,758,233,222,212,416,554,169,928,486,46,58,112,160,892,703,913,31,398,376,845,866,894,964,547,262,252,263,797,339,526,57,607,580,971,551,475,646,263,771,972,682,877,608,49,655,33,778,995,676,206,904,362,219,105,516,294,255,202,616,906,740,642,548,603,313,842,198,991,205,535,587,809,958,123,498,452,740,493,206,338,700,488,663,771,897,318,801,449,629,149,381,722,262,875,621,20,450,103,638,651,494,328,495,696,85,420,68,695,478,128,965,560,442,43,624,126,512,988,347,423,373,413,898,201,772,849,703,862,292,4,668,856,477,289,920,13,253,788,66,363,944,742,807,501,77,53,439,484,18,832,250,415,793,863,970,578,734,131,551,357,438,336,614,492,518,427,310,670,186,576,422,86,961,534,960,762,562,365,355,937,453,870,370,551,221,63,224,83,112,343,746,407,721,95,613,795,436,33,244,516,868,104,541,330,315,780,959,308,552,150,391,764,960,665,378,252,522,989,914,46,682,837,891,636,187,864,964,786,168,466,914,730,556,806,52,408,857,867,520,132,458,445,23,971,59,583,297,20,948,998,351,291,976,770,267,969,916,385,12,80,744,52,267,989,619,834,972,971,589,478,1,716,302,686,789,123,483,451,117,752,466,30,866,581,149,97,673,403,725,198,746,941,4,804,678,767,565,424,937,247,417,32,817,396,676,890,420,812,258,268,234,435,704,12,817,819,952,730,64,705,853,701,614,477,256,102,790,742,601,477,700,651,514,418,28,661,935,735,829,990,341,214,757,282,451,68,905,140,536,718,586,770,86,709,457,836,640,278,126,83,712,86,665,703,108,916,549,805,325,124,975,823,830,280,535,847,827,122,151,478,492,382,247,497,283,74,153,913,192,754,613,273,633,238,707,161,675,166,458,395,610,164,397,125,827,918,255,993,519,868,1,954,822,787,168,516,567,515,5,787,759,288,913,91,652,221,89,324,697,556,320,37,594,239,412,298,139,308,236,373,730,559,708,582,372,42,284,158,499,401,219,30,224,26,507,493,620,615,101,836,749,515,986,748,769,939,425,87,268,658,651,128,767,840,883,108,201,726,87,850,492,830,291,893,20,991,496,817,437,890,138,975,938,516,759,925,7,219,47,384,35,867,607,790,115,365,740,50,464,855,265,458,632,217,638,110,749,89,410,735,774,198,353,316,91,788,273,671,855,212,811,511,141,147,811,17,380,978,977,638,692,524,530,305,782,496,965,900,296,966,478,710,505,766,646,160,475,586,37,927,955,213,788,928,574,7,722,199,783,364,241,568,358,311,75,63,610,963,48,715,362,98,767,232,315,402,254,539,535,377,11,369,820,771,144,249,786,999,444,248,927,598,340,161,548,509,916,570,789,784,570,299,272,1,545,578,970,168,962,763,13,265,480,352,341,368,689,102,457,848,8,178,556,513,113,664,306,87,646,563,502,798,375,477,853,827,221,204,378,130,112,279,612,129,756,364,194,953,250,30,964,284,604,186,675,220,79,416,43,851,846,28,560,835,396,283,730,626,173,716,170,968,875,317,188,584,360,150,64,446,817,811,472,12,460,50,89,895,462,478,863,293,633,468,918,501,425,778,355,304,668,596,141,835,505,178,727,843,297,732,642,274,583,56,545,585,287,814,831,278,621,9,348,296,737,353,639,831,383,28,765,327,831,573,184,425,326,524,306,882,89,833,435,667,202,952,755,632,530,752,37,15,619,16,181,523,96,234,343,559,462,61,808,945,281,133,903,165,706,979,27,566,234,940,241,953,445,786,474,489,449,998,863,600,905,698,924,815,681,467,198,228,873,805,470,527,567,627,929,823,253,306,14,550,662,458,780,867,890,541,950,286,699,511,933,748,787,768,163,66,291,255,821,79,541,609,741,667,922,283,270,780,796,48,695,996,304,992,849,870,438,733,286,80;225483
350,450,710,900,173,85,57,974,396,622,469,920,249,153,542,61,921,87,915,982,731,929,27,238,162,649,16,10,197,256,698,967,49,184,778,629,956,903,63,893,948,629,877,56,222,556,814,18,234,973,18,41,584,953,449,747,235,490,313,611,940,254,170,262,283,869,835,381,734,967,300,780,155,76,873,769,307,718,232,431,695,559,484,781,336,397,53,742,384,901,465,529,976,39,993,723,749,329,285,167,332,868,42,826,945,501,281,14,245,364,798,415,952,490,96,891,230,466,787,327,805,725,281,842,570,540,363,211,973,168,72,756,717,370,398,111,499,971,896,327,370,767,248,970,364,437,872,902,780,541,863,665,489,60,977,797,593,821,588,95,106,354,665,115,230,945,977,643,911,1000,556,345,590,16,882,843,628,70,333,435,664,410,581,841,107,216,38,843,383,366,147,168,615,492,961,791,258,843,463,973,236,934,295,203,954,65,946,901,313,175,266,145,610,662,354,772,200,680,582,729,198,935,160,591,769,852,280,963,936,170,759,675,334,32,624,601,715,426,178,554,405,148,124,588,913,394,221,501,739,970,235,349,353,368,753,459,291,692,706,286,443,345,358,327,735,680,172,638,791,31,436,53,382,907,382,222,323,127,829,576,905,952,778,478,878,201,346,79,696,81,106,353,905,261,913,372,237,771,69,971,617,544,983,912,562,930,717,98,935,718,448,552,570,495,637,961,969,4,940,499,322,819,629,253,741,409,946,486,768,636,500,198,376,157,198,936,303,325,781,279,811,595,596,490,346,931,251,169,492,106,551,557,774,610,781,831,850,38,815,154,552,246,168,342,213,315,780,717,634,800,595,853,762,628,876,278,401,214,331,743,218,380,693,481,446,523,631,622,473,78,709,720,944,196,99,280,105,45,904,405,389,635,949,349,687,278,765,245,442,217,381,171,943,750,239,120,837,338,216,282,266,33,616,562,946,121,948,473,407,605,940,934,877,618,909,166,483,819,381,989,18,880,407,128,774,852,173,296,100,557,867,395,94,568,625,555,88,401,591,335,994,736,914,524,909,417,468,775,821,870,265,517,188,534,236,419,257,680,798,250,7,913,321,733,711,438,526,877,793,279,346,472,704,58,235,643,792,166,965,915,838,814,288,403,551,711,54,453,521,329,948,475,949,529,221,595,272,123,898,360,229,1000,838,579,522,763,462,243,819,512,504,312,254,449,627,726,367,752,135,737,605,34,929,28,117,241,844,379,538,51,349,312,411,477,706,169,682,290,890,807,349,857,53,763,184,912,166,729,571,763,738,528,336,534,965,296,547,748,854,825,581,774,127,875,843,219,950,305,44,902,485,693,318,440,588,744,626,902,799,831,970,936,12,227,401,75,876,992,922,470,758,524,838,216,804,125,787,507,201,63,528,64,182,198,870,16,236,296,86,266,477,950,272,491,400,868,713,721,137,583,166,927,425,65,901,315,767,187,628,573,915,495,73,463,213,615,562,939,713,940,820,364,534,576,490,25,136,157,432,761,372,942,448,115,258,973,673,330,713,437,839,481,933,804,943,582,34,227,67,82,773,871,284,488,201,13,612,390,318,867,939,23,62,217,929,670,280,536,857,64,211,941,109,176,843,649,951,185,804,309,699,31,170,971,165,937,773,259,154,173,127,41,656,763,654,215,945,36,658,914,190,645,697,837,919,815,877,249,410,717,295,786,27,400,855,846,38,51,584,785,180,534,455,588,397,677,557,219,284,893,191,783,465,873,652,510,238,994,622,421,124,877,39,149,888,478,948,320,304,121,826,374,237,879,404,578,261,815,33,214,952,227,45,40,616,14,571,655,568,979,986,504,695,73,403,173,550,734,873,659,632,778,832,572,69,135,434,671,247,61,652,523,8,532,796,690,588,98,813,195,298,361,556,170,902,355,206,861,601,741,511,935,312,172,350,303,64,655,987,885,259,937,934,453,624,616,476,137,114,416,611,20,171,856,787,515,758,571,553,240,101,688,964,507,825,533,309,13,502,896,240,194,624,521,383,338,691,414,10,131,29,307,957,951,419,874,228,492,136,523,579,64,268,208,734,618,125,953,552,375,688,922,373,177,91,57,922,956,479,333,250,872,495,488,529,291,914,911,5,197,803,174,676,826,966,819,215,699,488,922,846,126,345,558,823,603,371,712,889,93,619,684,178,692,964,856,153,982,866,435,997,998,209,637,736,298,915,133,391,409,165,700,457,764,280,495,256,491,37,344,983,762,789,43,77,288,140,437,56,992,736,465,16,296,133,31,888,784,396,424,684,686,745,228,764,579,630,169,685,791,532,26,463,754,513,90,632,346,730,497,528,317,862,386,295,397,143,476,941,682,585,118,326,522,248,792,415,354,245,74,645,714,512,680,220,351,36,429,839,667,705,120,106,269,360,352,102,571,19,62,863,280,227,88,837,435,489,256,513,477,35,633,615,288,123,753,461,715,103,88,134,46,709,286,587,36,610,39,642,856;357196
111,454,227,379,241,928,788,405,934,667,376,532,291,715,282,740,49,47,866,658,598,832,639,904,261,440,831,571,568,82,701,828,797,864,281,838,578,806,727,646,335,675,389,949,41,743,142,40,207,759,643,460,76,512,748,703,897,528,974,75,848,486,884,718,266,651,182,699,201,374,719,641,260,571,653,83,396,707,296,785,374,596,335,901,54,93,566,802,160,759,388,853,267,397,320,17,86,358,193,529,469,9,805,460,349,821,775,132,462,816,948,272,764,124,799,806,733,305,368,33,517,303,418,836,902,419,820,4,391,928,773,329,939,668,209,210,762,603,569,615,269,180,468,179,194,843,675,172,7,803,114,305,301,321,632,172,850,725,166,871,570,332,480,851,212,772,80,889,298,320,993,946,784,111,125,877,443,871,659,682,544,449,526,86,652,930,948,136,921,645,740,605,26,461,66,944,964,891,956,761,368,659,804,251,204,684,93,288,810,416,381,738,547,162,575,150,324,721,142,129,374,435,272,576,63,207,794,589,131,46,485,18,1,577,810,248,644,823,351,708,201,933,72,347,554,539,886,931,517,199,82,775,881,687,339,845,668,298,189,550,849,18,978,264,561,454,695,290,974,98,262,463,405,463,584,989,781,380,353,350,337,332,213,978,57,382,883,743,406,51,995,228,440,158,868,176,397,634,665,204,859,315,711,512,436,156,683,478,613,887,719,27,599,736,677,842,866,438,748,585,848,499,548,613,613,720,235,376,365,680,827,391,490,49,998,655,851,614,429,887,961,126,826,243,208,526,598,355,731,540,979,514,671,18,577,514,491,718,472,843,812,495,1000,927,12,690,575,664,609,189,48,270,591,434,722,53,534,543,198,315,226,894,136,397,582,440,730,367,451,544,820,502,520,275,700,628,429,274,479,745,39,415,192,312,881,908,936,263,643,865,912,30,361,585,95,131,136,457,445,78,34,578,833,932,865,781,138,952,853,737,687,356,168,633,526,993,987,732,70,431,567,491,84,783,989,791,271,428,1,885,789,138,633,100,374,780,441,802,221,751,168,871,869,583,229,562,587,908,502,9,540,478,580,800,234,732,511,404,298,248,287,318,941,158,807,201,991,391,122,656,606,420,960,675,858,114,794,193,138,180,167,670,2,733,768,420,460,716,944,322,387,881,425,714,704,82,160,56,418,889,756,773,363,704,876,629,671,452,156,880,748,857,241,345,762,393,383,140,807,111,218,904,446,581,241,391,952,329,244,619,78,331,320,122,479,957,857,366,760,510,332,743,582,27,541,60,181,188,493,316,310,282,101,60,98,712,799,474,994,899,803,777,583,496,907,926,496,206,277,512,561,894,122,513,943,408,499,98,665,803,543,971,680,944,611,706,755,701,235,393,339,467,423,440,234,293,665,742,189,921,34,98,30,389,606,490,456,933,177,231,517,874,692,33,666,484,733,529,667,844,925,988,346,923,45,259,288,168,971,609,681,938,117,402,7,107,704,54,676,844,849,943,754,203,627,526,776,856,823,86,237,759,830,534,254,206,86,610,567,596,242,290,900,633,505,751,609,582,929,35,722,686,53,42,614,364,163,653,724,25,190,455,524,88,391,265,562,688,739,377,248,987,794,834,357,467,574,242,478,650,551,845,941,358,453,969,162,593,4,652,4,882,619,455,142,336,274,864,638,58,828,622,379,670,79,159,644,491,886,921,33,58,123,770,249,625,66,154,14,845,209,345,122,583,347,746,776,484,379,990,98,579,730,88,597,218,460,382,215,932,780,704,796,202,442,839,735,554,955,673,453,773,370,679,20,294,699,447,534,138,103,34,894,274,375,908,966,315,905,219,774,437,586,229,612,50,419,776,568,855,959,909,873,929,42,887,397,27,220,851,198,671,592,230,695,812,532,668,670,608,905,78,395,80,566,759,960,76,731,170,901,645,309,774,259,277,926,858,749,874,355,748,966,697,4,54,305,261,305,475,235,201,421,888,956,164,891,186,670,240,663,593,137,336,199,243,239,518,528,499,87,615,688,581,3,382,263,214,590,874,161,107,36,473,887,681,296,726,527,581,671,762,430,790,928,944,550,822,891,123,202,270,578,259,745,193,807,256,117,230,282,561,960,35,96,293,918,521,427,198,271,307,710,485,624,66,324,807,91,138,789,231,511,837,53,885,731,375,911,309,141,223,822,598,440,319,733,949,898,69,91,149,847,120,193,63,514,30,61,472,211,289,656,443,119,492,458,570,250,902,734,214,999,832,787,464,653,596,360,501,499,77,999,22,427,991,323,40,394,571,435,147,39,113,898,718,486,751,960,430,997,527,806,996,394,590,863,687,758,484,201,251,912,260,426,244,818,374,331,411,555,575,378,347,935,5,239,285,458,357,886,728,60,619,641,495,200,36,789,132,701,980,226,333,552,386,879,637,883,456,989,99,243,971,802,469,75,524,760,292,167,785,206,739,818,409,337,682,882,1,271,801,967,199,704,911,130,844,596,245,410,809,318,555,144,853,231,201,89,699,500,838,938,556,37,480,691,514,627,104,575,77,284,157,686,199,398,27,491,103,109,422,903,321,301,100,790,799,102,845,94,293,451,655,554,528,440,11,833,544,23,157,177,780,620,143,183,154,329,524,534,967,78,91,141,712,268,467,396,114,939,833,14,335,344,281,922,960,731,898,54,827,290,365,816,141,527,476,493,509,217,344,456,806,451,363,785,182,41,201;219971
881,267,343,660,443,28,989,178,911,656,917,885,973,571,216,6,713,110,259,798,638,800,108,474,871,839,370,221,765,920,801,948,183,735,228,781,51,735,874,66,636,750,123,818,13,850,181,804,925,898,703,871,109,146,714,639,249,562,809,152,28,206,681,807,66,980,769,94,221,556,458,595,41,867,479,497,207,461,74,749,929,627,123,63,383,686,358,974,196,28,180,721,953,506,528,252,439,176,423,359,688,427,392,20,865,825,116,867,709,336,731,895,250,827,606,480,332,392,246,266,409,812,839,194,873,455,662,693,618,489,469,323,1,100,148,884,545,987,96,200,740,307,283,308,428,650,497,533,977,934,47,503,427,327,954,10,67,831,929,76,909,991,816,705,456,93,819,875,954,43,652,625,488,182,949,399,327,477,883,387,878,301,643,398,401,212,730,54,15,713,245,673,105,785,355,534,705,540,72,682,553,724,906,711,807,302,590,789,293,603,192,671,239,114,464,249,451,350,93,341,479,273,495,96,126,263,785,397,760,227,386,916,401,341,339,432,484,243,182,573,435,484,598,935,902,673,209,76,457,901,287,618,626,680,671,802,7,449,646,688,162,456,561,974,84,973,597,300,442,858,839,129,168,396,568,10,129,483,922,506,632,951,125,960,752,108,24,941,515,589,282,820,784,401,925,472,572,353,770,543,626,578,539,726,155,502,554,505,37,270,85,312,476,148,126,469,377,366,743,247,957,987,246,250,833,168,130,764,372,722,459,54,158,91,731,556,593,613,425,466,131,823,210,765,705,570,592,318,348,245,638,572,829,515,448,696,141,335,38,798,981,642,837,470,592,492,679,814,248,492,92,937,144,131,962,124,590,801,137,711,394,656,261,274,354,668,34,531,718,997,39,538,149,884,784,348,727,456,933,34,539,372,75,764,283,684,53,184,730,246,912,675,556,515,219,754,844,589,370,913,27,604,479,876,372,264,195,932,137,886,629,49,257,13,853,406,480,173,200,620,413,514,314,892,733,169,658,163,708,483,376,497,548,340,393,46,211,182,656,544,823,237,655,937,332,276,404,195,592,842,229,284,6,449,878,90,500,559,828,15,609,787,188,154,980,878,32,533,555,523,810,667,750,155,235,294,515,314,168,923,772,640,258,813,883,660,817,2,875,768,841,194,513,287,266,308,515,284,373,382,131,318,230,132,736,772,733,555,152,354,173,23,814,1,841,489,666,212,212,638,903,648,837,585,556,861,644,103,163,847,617,597,83,328,82,886,294,363,884,564,770,639,907,336,497,936,66,289,543,32,885,568,320,333,976,765,908,840,587,57,523,904,15,146,884,751,655,620,37,523,523,797,473,489,928,376,802,243,388,389,16,202,937,632,865,230,20,874,386,682,145,646,570,572,322,603,118,48,695,988,144,703,90,456,74,188,905,194,621,35,872,806,800,686,940,554,8,860,826,787,77,483,82,554,885,355,620,5,627,494,586,978,826,302,808,777,239,458,182,7,276,133,435,886,842,455,467,583,167,884,369,406,49,720,1,26,902,269,5,201,302,825,772,110,109,598,92,198,653,699,452,570,203,294,633,650,753,173,271,999,761,918,937,541,708,276,495,903,30,149,984,938,361,664,422,521,923,715,199,252,459,574,10,223,311,970,131,112,605,300,611,985,72,476,264,870,784,962,585,805,179,994,945,857,833,756,102,840,901,237,325,382,911,104,834,788,587,956,640,712,833,261,939,686,137,186,409,635,448,640,826,202,894,994,8,712,139,136,608,749,14,18,817,809,66,354,468,53,183,744,447,790,336,865,961,307,532,538,365,575,101,346,569,157,36,813,892,377,244,625,922,981,379,88,71,893,643,469,655,888,396,225,927,927,284,850,161,424,469,43,23,51,4,767,780,313,103,934,562,282,373,260,254,201,568,76,264,342,188,994,350,378,410,482,580,320,160,220,317,386,687,49,969,22,917,85,309,5,541,484,203,591,975,311,555,588,527,986,191,976,45,973,301,828,524,506,148,55,254,258,814,739,683,356,191,376,138,113,217,684,499,210,808,516,472,463,523,635,835,381,412,670,345,316,781,915,748,746,316,372,914,397,52,96,64,828,902,367,623,446,818,44,378,741,489,674,299,768,396,756,897,526,244,780,403,775,496,630,633,474,649,355,203,774,394,131,483,661,626,709,824,771,36,409,595,422,955,58,245,125,46,615,686,444,176,293,860,953,948,881,498,728,161,203,904,233,306,484,751,918,901,945,86,206,699,199,998,401,145,389,102,914,131,738,358,566,616,988,642,130,752,953,63,584,540,787,447,515,910,28,918,800,158,332,264,353,8,97,190,426,243,594,147,502,101,948,365,992,82,2,349,154,173,870,868,144,497,263,793,258,485,673,309,223,357,816,651,998,939,915,958,868,814,38,453,436,248,678,54,48,39,903,621,709,304,87,646,168,54,501,8,588,460,802,174,692,958,484,808,345,20,96,257,141,737,237,938,550,359,475,747,810,209,763,842,123,270,821,765,732,552,530,774,848,442,96,331,121,466,249,159,814,80,175,723,132,308,962,959,943,416,556,579,515,805,518,243,764,826,18,937,590,81,182,141,449,919,215,865,625,238,608,784,397,737,720,654,471,506,633,697,831,245,709,62,890,801,567,192,669,309,344,323,444,565,282,831,260,676,53,44,604,701,334,311,37,641,621,798,300,924,480,657,567,211,439,34,293,947,171,287,10,186,975,761,459,209,491,606,269,868,961,598,688,389,121,268,31,856,645,619,823,810,345,733,235,578,89,68,66,583,371,908,560,587,642,286,461,152,487,992,609,85,702,846,226,513,113,886,560,810,359,573,214,24,976,122,580,926,732,276,419,11,961,877,222,227,329,545,96,480,75,258,144,337,768,842,426,614,204,540,401,22,168,214,705,66,636,136,742,638,898,982,672,838,844,691,541,810,368;254496
331,871,99,217,351,132,309,17,154,282,92,207,851,710,72,844,989,160,737,543,531,168,146,42,362,466,585,123,426,908,236,711,162,361,661,741,818,324,907,918,726,935,180,183,531,729,978,848,833,898,545,560,948,371,738,144,746,984,304,349,598,981,774,994,545,39,374,453,729,568,275,654,300,19,77,296,575,251,96,888,736,537,401,897,220,453,554,365,313,500,231,856,962,694,800,677,295,536,441,859,931,474,897,865,926,384,816,258,946,981,206,796,4,483,628,583,725,507,79,44,94,552,353,797,182,598,961,633,602,705,143,98,917,511,329,402,726,23,985,213,604,443,130,383,311,964,19,391,733,692,485,4,632,933,547,959,358,739,818,706,771,460,203,570,242,951,97,968,617,970,419,533,475,794,702,599,167,816,61,587,665,273,352,917,367,792,359,468,406,936,554,350,880,379,731,147,282,186,758,612,830,185,436,552,991,16,925,939,29,401,350,132,502,959,410,183,974,678,145,476,817,952,845,345,537,917,791,489,299,383,631,156,304,733,50,118,538,807,771,876,301,658,85,121,872,612,135,688,913,588,913,385,933,569,622,72,384,929,484,774,717,136,859,497,863,949,378,583,30,239,447,535,596,689,191,249,958,793,674,968,378,820,176,735,650,397,531,666,635,599,372,657,402,875,518,529,656,84,419,362,446,468,592,482,235,689,504,332,25,176,796,214,761,325,850,660,37,412,377,743,252,722,87,789,78,190,147,171,628,74,83,999,794,372,433,691,478,649,504,741,125,751,986,369,904,772,438,29,597,664,775,411,404,297,159,848,765,562,961,310,232,43,798,711,673,394,726,725,607,199,761,573,911,601,567,569,142,677,322,531,720,568,231,379,431,138,747,701,353,986,911,781,636,813,405,793,23,217,619,555,689,557,872,729,544,713,766,914,559,961,800,578,790,22,996,336,749,497,869,862,874,898,238,837,530,67,792,363,701,164,566,124,435,939,999,866,974,624,289,180,133,69,350,340,784,465,228,241,446,481,302,98,938,200,617,856,650,710,728,549,405,216,456,402,807,687,381,931,755,638,909,367,556,381,839,478,158,650,482,363,306,90,937,965,895,964,806,543,418,512,455,541,557,33,698,363,305,234,974,722,367,525,585,722,350,659,981,699,999,585,322,85,65,29,660,115,93,941,897,726,286,605,144,964,709,92,557,808,365,950,108,724,246,59,23,267,909,159,948,830,672,496,756,659,9,150,196,173,147,809,259,933,144,389,462,896,924,995,162,738,223,583,125,399,237,653,662,215,202,48,524,379,845,606,525,409,347,77,849,659,7,91,658,476,744,787,319,600,153,503,214,721,833,4,22,324,417,553,377,381,336,399,327,853,751,547,624,61,348,366,391,541,234,301,252,747,44,634,41,368,453,660,733,901,467,510,389,757,800,133,37,864,488,403,704,219,94,878,39,77,978,642,136,378,328,167,670,19,46,28,802,526,678,359,563,914,86,935,34,435,795,931,623,819,332,201,261,278,634,960,956,828,757,56,658,404,792,59,118,849,775,841,73,252,149,455,543,841,906,534,833,660,352,472,722,825,211,458,133,678,245,64,486,906,348,880,615,456,295,517,256,816,126,656,63,643,929,904,759,204,575,627,721,190,573,31,44,226,846,796,401,756,134,355,914,601,89,186,196,222,28,934,619,665,869,788,43,742,29,853,596,402,2,269,672,536,53,575,560,380,944,155,635,499,224,811,623,298,618,213,552,14,570,674,278,296,546,118,927,188,744,341,116,78,784,289,768,71,452,812,152,836,808,654,360,65,373,98,496,921,63,604,642,897,150,989,333,2,507,577,965,100,330,960,734,5,587,730,159,914,927,355,428,251,782,938,233,355,649,605,773,712,220,88,309,687,269,220,965,467,96,985,942,281,14,771,605,220,292,866,194,914,157,382,908,702,459,563,371,717,113,548,904,682,296,186,594,14,164,71,461,911,40,996,212,213,849,787,305,342,384,132,898,975,782,557,411,973,272,553,365,19,817,384,631,420,180,226,43,406,274,141,208,546,801,472,8,873,981,391,96,457,943,514,980,927,543,256,224,209,171,410,804,76,220,262,364,539,464,52,894,446,806,725,565,898,319,573,923,306,91,723,863,978,781,437,120,861,904,578,681,146,465,235,379,737,584,880,214,337,936,766,16,921,769,389,287,506,269,282,44,189,884,766,437,939,751,718,421,809,858,711,20,970,466,893,768,283,41,931,527,480,596,94,33,567,440,234,48,620,424,240,663,190,454,838,391,530,607,500,696,144,91,197,68,261,902,810,681,193,121,502,333,945,69,278,260,942,721,93,508,32,433,769,504,431,911,753,470,491,665,762,356,70,22,409,784,545,495,135,378,755,450,851,132,946,659,789,228,631,277,412,223,576,215,423,74,418,96,860,238,466,372,561,728,454,615,730,825,82,991,303,866,928,655,531,531,845,223,721,663,367,772,684,606,711,81,560,857,880,373,922,773,273,597,366,528,106,76,263,163,143,831,293,168,104,557,633,861,321,433,920,659,481,299,425,789,604,925,15,519,928,555,436,106,266,335,348,950,94,808,700,397,781,654,117,57,581,696,784,31,221,294,501,183,879,384,523,942,5,401,309,320,642,74,872,573,257,135,246,516,899,494,46,944,282,990,526,373,897,354,366,137,196,888,357,589,52,272,581,532,577,91,610,52,691,665,52,714,407,720,913,706,623,135,260,87,256,904,927,180,172,381,416,580,152,978,791,235,339,32,945,217,501,188,807,629,200,760,252,460,113,365,542,297,53,815,874,721,437,342,180,349,543,8,285,713,429,524,835,666,558,370,684,500,469,676,998,140,212,661,602,735,505,187,849,93,985,938,101,179,148,926,381,687,138,697,732,151,969,246,86,744,574,42,988,60,731,61,100,376,560,559,938,941,107,164,584,57,141,147,885,757,941,490,310,58,765,855,433,32,204,485,503,129,527,86,827,709,991,371,843,410,707,392,67,187,862,130,951,452,182,21,341,282,340,366,448,356,600,307,172,760,601,974,130,571,250,604,297,317,217,211,963,532,531,931,32,125,33,637,176,206,168,455,848,735,668,829,722,94,27,563,239,134,982,94,350,356,509,716,367,223,194,28,839,561,347,77,991,607,724,848,11,2,302,815,970,616,740;390126
941,137,548,207,578,153,718,928,763,231,895,107,683,598,395,523,152,706,749,382,815,879,302,736,954,356,253,134,788,817,613,94,936,865,542,580,832,441,988,896,275,963,50,56,148,629,162,121,619,781,292,169,801,923,721,472,950,401,837,392,810,991,418,452,42,188,191,496,470,766,181,429,892,552,271,467,594,151,790,684,102,604,279,220,221,118,841,343,190,749,597,598,323,331,355,361,103,173,975,659,523,83,661,149,105,999,825,97,140,792,483,824,235,438,722,811,858,98,164,262,670,23,229,745,942,760,99,659,153,425,417,53,435,206,962,417,629,216,923,816,148,146,873,649,404,79,660,896,893,715,313,386,983,917,746,749,827,444,524,3,719,407,504,859,752,890,785,326,390,164,839,785,778,124,94,96,499,895,423,576,540,727,186,940,204,421,456,897,643,579,878,576,66,681,348,210,374,620,121,703,744,290,450,369,996,938,430,695,608,426,517,760,428,514,173,690,953,102,599,230,868,252,151,270,400,29,220,878,225,722,259,610,358,42,897,569,104,442,697,294,374,145,305,245,877,690,344,844,813,414,541,481,576,426,638,754,162,192,779,184,469,219,430,397,767,264,369,613,460,713,14,445,586,432,796,83,704,954,714,292,965,946,133,511,995,754,1,493,222,231,970,292,651,505,283,665,591,427,760,446,86,413,675,661,695,868,268,47,361,922,331,697,301,406,987,284,51,958,586,545,787,326,732,519,694,244,285,86,750,435,354,40,345,591,874,640,439,533,878,150,622,845,46,67,825,782,632,9,898,888,414,320,533,38,392,226,306,667,171,269,984,300,38,224,890,172,346,131,886,285,945,120,412,282,464,837,408,659,742,179,439,449,959,383,852,472,506,703,431,654,837,93,164,516,123,287,397,205,603,55,483,426,586,554,187,652,513,144,949,617,524,767,606,119,499,521,271,140,96,701,696,766,249,160,676,382,32,480,24,427,454,951,171,726,770,294,528,561,785,354,409,173,22,473,44,572,760,341,398,882,437,127,394,399,199,108,227,959,135,771,989,447,509,134,85,24,399,486,545,361,99,636,523,390,13,849,245,24,262,642,451,136,565,809,29,312,247,608,917,158,551,391,797,994,922,495,498,331,902,700,990,275,651,898,173,827,16,625,646,51,418,877,358,851,182,242,459,66,151,770,368,672,373,981,478,685,386,802,588,232,131,458,36,243,701,138,865,104,519,801,749,123,730,914,791,82,203,680,951,193,314,38,528,727,281,133,53,846,158,385,237,80,791,123,20,669,133,261,60,88,795,57,370,279,547,277,573,46,734,949,360,238,560,215,991,587,246,309,540,182,171,674,152,743,604,287,56,340,212,417,295,472,1000,136,409,44,133,332,796,960,696,85,855,422,658,621,999,687,253,307,626,34,986,164,564,15,45,547,781,771,915,930,467,418,199,941,95,69,968,835,49,344,484,54,662,75,371,228,972,568,342,386,35,579,877,488,752,143,811,552,212,866,709,654,500,735,568,94,474,360,206,853,299,561,498,902,608,161,30,488,645,307,278,488,55,890,749,271,969,839,325,921,631,580,75,991,217,429,436,55,195,460,285,528,755,407,5,566,892,343,981,176,83,953,605,626,486,783,903,357,729,514,323,851,249,659,892,260,625,943,28,334,203,595,84,28,464,380,46,457,468,573,648,123,78,901,466,79,786,903,904,816,866,552,35,101,282,790,116,691,17,775,703,799,401,799,632,751,379,270,836,706,810,57,620,719,975,403,485,646,185,895,993,862,609,91,100,160,997,453,122,68,104,276,713,421,808,612,625,63,608,159,120,67,781,515,622,792,154,811,163,601,513,150,110,380,355,477,97,764,300,711,766,402,933,185,265,833,162,588,771,901,747,30,852,623,28,404,890,89,99,474,781,296,525,509,456,659,963,770,825,107,661,708,149,684,819,681,219,910,45,434,100,541,698,23,26,117,864,247,987,112,857,945,17,387,5,280,526,434,108,49,590,534,599,731,383,39,725,515,832,176,588,85,778,426,560,723,862,708,123,580,162,210,651,664,785,603,323,852,188,935,265,946,730,783,714,614,569,620,789,104,372,437,595,891,470,881,669,269,883,294,518,203,397,790,216,502,893,698,734,108,586,227,881,994,620,750,712,186,917,953,115,939,911,63,364,451,160,151,963,216,931,13,109,990,942,8,832,303,532,555,461,238,776,169,384,703,938,888,68,234,778,590,486,755,62,172,277,914,846,579,94,468,132,106,46,105,476,306,384,470,955,200,390,706,747,148,250,833,631,391,729,248,859,899,461,711,264,230,674,750,332,117,993,115,570,475,365,258,557,251,498,728,888,354,660,806,117,884,546,191,806,298,703,7,615,417,628,161,56,42,667,116,246,360,18,346,859,265,204,88,35,264,438,232,607,234,43,67,838,218,865,253,58,172,57,101,583,174,521,757,766,725,557,954,563,464,207,908,671,952,211,784,881,612,717,714,882,18,36,891,628,391,907,157,782,647,88,222,274,972,673,407,977,513,937,228,694,361,879,410,542,681,682,592,923,183,537,555,133,406,980,394,722,373,909,228,741,995,269,238,32,779,981,332,750,702,960,15,272,600,400,983,370,655,806,900,899,119,819,992,22,3,95,990,967,103,70,301,480,390,134,151,201,96,3,517,806,813,299,99,493,592,515,238,926,772,643,963,134,891,99,777,530,706,239,279,744,465,121,193,876,113,568,234,542,81,828,446,926,209,372,707,16,794,101,25,400,798,141,430,149,666,507,487,913,535,825,731,308,152,440,943,234,59,348,239,628,14,14,880,265,796,132,299,511,260,97,767,477,579,596,811,6,571,709,727,987,475,553,489,699,177,762,761,559,749,903,815,750,831,153,344,115,329,742,716,646,554,588,227,190,426,778,98,750,387,97,521,746,52,593,500,418,8,35,655,215,846,748,740,916,795,591,209,687,257,414,527,811,83,555,312,753,382,384,717,651,25,217,35,899,520,762,772,232,896,225,951,714,635,236,598,525,529,579,349,145,232,102,354,884,26,104,86,702,879,411,328,79,206,774,443,950,964,187,501,915,341,588,589,303,496,288,76,94,346,911,687,663,289,588,724,829,844,515,464,840,459,104,710,560,570,299,345,581,365,939,699,79,572,153,658,208,382,459,606,88,980,785,390,703,705,391,554,622,998,171,97,797,318,545,208,849,87,563,990,180,333,347,595,149,864,424,765,356,78,317,694,641,521,96,809,538,124,95,415,175,836,524,952,560,693,170,108,827,431,34,264,886,763,926,809,64,673,364,83,465,565,323,627,510,845,692,671,435,320,86,481,441,645,224,120,142,164,707,271,91,752,619,175,919,189,431,429,601,938,111,88,94,975,101,803,535,378,867,765,812,945;257216
294,354,288,241,670,629,52,457,41,21,259,893,948,884,970,782,45,865,719,957,121,16,628,937,593,739,907,284,966,286,617,737,412,877,19,66,615,449,716,207,801,909,501,599,712,841,784,799,991,432,555,637,706,984,531,863,963,282,823,900,447,47,613,825,65,189,772,810,994,860,984,480,461,598,633,59,838,710,910,166,956,903,516,498,364,426,136,948,437,599,941,341,678,199,527,612,93,678,977,737,737,258,796,606,601,377,708,477,478,648,944,249,744,48,429,446,442,934,66,980,365,203,965,89,824,692,756,954,253,847,68,420,357,766,300,842,264,752,886,46,377,818,742,723,33,594,53,919,604,987,228,579,83,979,584,649,942,456,389,364,701,184,54,889,525,141,359,77,393,222,500,367,89,772,343,131,5,220,834,710,155,54,214,767,238,200,295,430,470,659,496,460,306,608,248,196,128,575,93,638,506,948,863,849,778,493,704,833,349,792,972,992,80,142,464,474,579,516,487,293,902,922,278,336,847,573,860,204,402,835,731,198,456,947,133,356,765,446,823,217,799,237,740,758,127,580,63,846,602,516,953,625,222,449,81,655,847,205,960,440,506,796,360,840,621,974,309,180,86,893,643,413,189,107,925,896,284,22,432,576,671,593,630,358,430,192,579,999,974,441,472,772,620,131,270,859,648,679,846,589,275,354,677,925,282,741,956,854,584,687,75,40,480,753,225,64,733,58,808,607,16,364,778,577,459,416,219,6,276,686,240,907,453,32,196,797,509,361,924,164,671,620,822,221,840,670,388,322,407,625,179,380,101,848,299,363,768,107,421,488,674,880,726,752,22,398,885,730,64,347,428,875,319,171,988,112,824,561,906,885,575,410,469,453,938,52,949,63,443,84,446,307,867,672,163,243,897,293,909,691,349,125,72,468,42,283,389,516,232,594,951,252,898,636,696,188,91,763,150,321,504,784,243,44,866,866,463,111,378,789,234,581,405,563,836,700,333,952,6,738,542,74,462,331,169,690,890,955,214,837,284,155,967,756,382,616,848,451,722,662,943,215,621,573,142,378,91,320,877,37,941,288,906,955,435,307,15,761,350,491,343,854,699,645,668,482,233,133,982,161,950,683,298,241,285,467,833,278,994,817,834,98,523,481,94,222,818,127,603,299,361,176,918,669,44,272,632,116,287,310,129,840,695,515,146,214,222,55,586,697,550,436,956,990,175,658,562,673,504,456,848,311,577,444,724,246,266,733,562,579,678,189,446,651,370,476,989,74,830,507,582,684,844,235,408,264,596,302,985,439,519,11,408,28,704,981,28,992,965,385,7,417,417,716,52,932,241,377,474,101,330,706,5,433,905,345,964,427,300,18,688,568,193,534,420,76,344,279,723,402,516,400,970,162,474,631,96,12,980,680,585,55,799,954,829,575,289,107,44,752,583,988,531,720,106,947,302,69,829,867,813,526,208,21,840,671,717,869,588,259,808,658,234,593,583,643,380,51,715,642,240,541,487,577,294,193,107,988,438,205,630,974,527,976,654,905,57,196,560,671,108,781,639,587,256,471,4,106,857,138,89,457,92,876,396,997,210,774,965,490,892,208,705,273,747,153,416,436,398,344,493,335,130,359,567,687,673,550,346,731,128,88,279,354,459,332,278,490,333,235,819,613,446,766,325,280,34,301,711,862,86,276,560,739,521,127,635,989,849,508,868,802,214,714,249,127,672,366,164,63,856,299,81,821,17,850,454,51,544,888,217,49,523,881,712,173,444,833,81,697,934,775,228,907,161,635,516,272,857,803,724,887,72,699,226,88,849,998,515,154,891,871,213,766,580,205,421,913,118,98,786,233,775,798,279,748,432,767,894,901,127,651,183,677,600,490,811,357,211,385,387,485,156,138,667,933,145,859,788,63,165,294,397,333,754,391,162,621,22,231,18,991,833,936,544,475,508,465,235,828,403,211,682,51,812,173,122,600,795,207,51,208,490,848,479,813,924,218,746,804,877,32,896,2,185,867,94,808,72,607,691,251,54,876,902,782,807,153,23,353,557,210,652,548,681,725,188,328,244,552,186,921,635,589,510,341,842,773,500,374,919,116,687,576,545,541,906,290,431,405,601,935,256,751,219,394,486,543,757,148,795,389,154,63,583,843,786,199,97,704,364,319,224,985,607,798,62,799,712,312,86,339,794,131,620,275,352,889,167,69,120,969,333,969,831,488,973,156,775,617,921,128,216,374,401,981,370,164,32,425,807,797,439,424,139,137,353,474,50,54,314,559,522,350,397,278,610,789,952,153,233,754,462,481,939,622,486,623,573,91,481,947,77,534,115,211,599,24,177,929,850,436,287,912,985,730,146,525,631,820,905,838,227,843,859,618,519,117,109,731,643,694,209,182,968,447,197,547,105,470,651,793,931,179,675,817,483,577,223,676,10,973,688,158,662,962,195,747,932,694,613,556,590,382,29,514,212,857,207,122,479,871,396,411,753,258,521,555,614,194,915,265,847,223,944,948,681,261,578,804,714,564,279,920,907,65,821,567,758,374,424,303,280,5,220,726,867,793,522,333,420,867,470,830,814,644,739,641,920,399,52,792,918,691,362,672,947,513,352,270,585,52,521,790,24,861,79,283,827,555,422,971,762,870,755,324,929,116,809,575,257,659,285,219,469,718,347,698,863,836,169,502,923,594,670,508,985,186,9,989,541,951,622,382,12,543,736,976,117,768,146,639,248,202,374,721,833,392,146,678,396,10,725,60,297,197,780,62,403,589,62,746,443,285,879,957,874,586,108,399,464,786,979,802,760,930,737,353,663,575,995,840,534,934,85,944,212,773,783,375,837,568,861,445,518,787,246,560,101,103,965,423,99,464,662,995,658,59,158,264,467,802,916,607,522,783,177,213,295,941,959,127,665,772,611,500,652,807,833,589,491,531,592,176,292,493,836,644,596,469,434,946,575,639,378,804,134,230,770,309,145,825,252,233,891,387,733,10,23,928,511,281,523,807,939,407,431,140,74,494,99,124,878,938,673,938,156,869,948,872,897,820,681,867,648,187,342,693,342,869,59,813,321,316,802,645,760,523,30,456,588,66,285,150,397,102,282,509,13,934,347,936,568,415,177,275,812,241,149,837,94,355,257,897,742,794,832,288,153,779,301,882,554,215,353,324,896,139,680,560,435,335,911,54,233,927,977,231,713,495,723,52,488,412,763,683,367,736,559,719,48,639,464,346,315,500,953,979,301,138,423,283,953,36,917,458,143,113,719,166,817,586,942,403,577,825,274,320,660,544,138,761,322,419,304,869,679,869,696,18,357,726,980,276,332,488,199,286,613,490,313,844,665,893,276,34,668,813,871,845,350,362,351,113,585,165,721,922,154,235,896,33,441,767,473,585,626,827,670,609,375,89,522,385,440,556,504,89,435,88,204,663,830,529,93,229,576,357,254,336,633,541,566,562,313,328,19,792,294,598,635,454,407,114,45,700,970,201,35,745,756,463,972,380,604,908,124,367,839,261,57,49,96,158,917,153,771,880,646,64,680,926,928,200,38,472,403,677,193,236,92,357,141,288,848,537,298,982,934,587,865,616,612,240,369,82,350,3,853,653,631,931,355,642,75,60,59,667,495,373;338262
102,833,635,402,61,902,615,789,991,424,843,463,808,864,782,250,285,983,528,251,158,836,653,745,523,511,901,276,792,815,93,17,618,289,882,278,273,859,268,806,251,987,422,108,670,127,197,703,875,517,61,525,219,516,786,462,874,330,982,469,667,236,447,692,205,666,70,397,795,44,747,827,780,98,434,808,645,868,329,732,367,711,323,490,622,423,880,443,207,196,647,116,848,769,895,838,800,185,713,208,421,222,479,431,711,628,998,685,39,677,834,398,19,179,60,844,379,736,221,346,937,489,556,103,273,668,980,248,36,982,868,634,710,336,438,33,486,413,304,610,851,77,342,825,221,516,740,380,813,402,14,749,974,432,401,963,81,732,45,409,769,660,868,490,123,335,639,602,652,79,73,171,95,848,780,71,993,463,446,727,504,27,264,821,167,541,583,794,85,454,752,513,957,801,470,416,160,278,543,894,248,194,993,196,123,326,368,607,263,599,239,552,762,561,930,578,472,180,206,655,156,326,136,712,772,985,289,265,596,818,48,642,220,356,86,80,475,168,684,514,135,630,741,23,919,558,282,44,344,958,700,238,675,664,792,160,449,574,587,243,622,139,686,952,222,228,580,986,339,992,936,39,984,757,389,587,291,133,330,549,562,393,869,172,703,954,562,972,877,771,172,811,342,176,9,525,252,167,676,898,909,73,957,590,719,930,713,243,236,430,421,323,859,896,705,94,461,973,561,829,743,631,654,310,388,478,296,863,315,350,222,661,853,118,961,967,64,353,940,605,793,30,599,396,249,262,301,856,759,799,884,378,566,435,674,293,917,560,823,661,604,186,603,820,920,392,434,456,655,856,825,194,23,973,969,799,29,82,869,686,440,330,696,526,842,699,726,671,210,295,25,890,849,355,785,290,904,116,601,131,946,150,594,568,872,334,983,931,940,59,34,192,744,69,565,942,585,287,547,214,312,597,223,166,252,798,184,175,686,410,759,453,406,563,176,468,643,734,391,269,369,680,660,306,935,278,850,509,484,730,639,369,165,67,927,776,312,832,36,325,446,950,762,417,457,279,625,819,41,59,166,493,374,328,865,399,837,132,621,730,176,216,400,882,767,801,688,287,804,371,187,83,405,781,495,736,881,454,860,960,593,633,982,14,14,655,734,572,443,976,666,808,356,901,528,969,13,923,188,384,374,846,959,730,767,642,849,495,581,809,675,83,509,843,743,657,157,528,726,509,835,336,72,441,662,979,973,19,805,511,530,885,869,430,705,236,885,174,438,571,295,705,579,563,652,9,40,290,346,391,242,445,322,629,420,211,661,562,698,505,927,873,6,863,170,853,208,772,357,878,89,956,842,734,55,480,82,483,11,627,952,990,469,664,459,294,434,181,211,292,725,736,29,773,258,137,235,152,704,548,196,203,347,338,130,324,409,290,527,898,25,689,422,731,727,879,932,81,334,704,888,580,273,833,930,53,728,51,436,93,638,280,895,213,348,896,201,670,697,706,918,64,31,317,522,167,860,535,276,167,588,137,44,937,641,576,655,313,525,451,344,331,938,247,848,684,72,428,892,329,915,758,666,136,487,179,42,715,841,948,289,638,719,243,463,418,14,863,385,848,967,978,217,170,288,654,898,524,592,922,814,688,914,884,84,87,130,815,240,888,576,247,751,780,291,574,733,221,724,131,440,997,832,463,265,511,111,226,663,119,484,88,504,382,204,365,556,752,799,348,701,876,103,313,531,401,403,877,162,310,173,291,323,95,52,934,835,398,203,469,536,830,66,950,598,180,696,998,898,59,340,737,806,259,14,979,119,346,821,774,315,861,972,484,141,368,450,54,101,815,785,320,580,243,358,823,750,21,572,521,998,236,660,654,448,180,667,581,602,117,24,386,992,203,848,436,664,852,558,908,873,139,515,608,563,749,528,254,894,96,60,633,667,989,34,305,114,482,879,836,339,203,46,803,854,93,513,483,770,318,771,853,852,683,960,508,981,991,410,664,608,997,95,566,719,746,694,53,934,815,905,105,182,587,432,761,354,60,666,145,182,137,759,601,507,489,354,341,798,677,981,779,322,453,180,528,371,913,122,131,712,232,105,841,191,712,545,369,466,971,872,270,712,766,904,675,259,641,329,692,812,805,858,357,732,677,981,591,104,223,246,86,976,41,821,78,197,68,400,174,798,775,612,29,294,13,667,309,407,30,812,920,643,72,92,247,366,303,551,884,279,322,553,640,717,671,997,253,940,368,340,231,30,129,444,175,401,114,795,110,396,241,557,197,800,450,817,809,175,684,767,451,789,24,810,262,699,783,735,477,682,121,228,995,749,359,969,206,456,631,775,310,703,258,850,838,639,714,86,812,778,786,382,199,698,127,606,644,171,827,472,664,167,948,617,933,338,472,47,228,593,646,776,958,944,177,103,986,457,980,260,912,803,806,721,30,78,50,955,844,897,688,606,219,78,208,927,394,892,595,828,162,469,294,217,679,209,771,849,544,110,172,831,130,393,193,450,668,847,148,4,338,929,527,663,142,318,249,727,250,332,763,683,881,49,153,427,823,16,261,873,889,520,958,139,723,103,16,970,769,331,611,766,555,611,49,198,963,845,601,871,382,910,966,957,246,565,140,754,749,871,960,691,57,936,314,872,875,437,67,758,258,511,181,437,503,723,405,838,280,324,42,643,50,780,790,852,956,442,519,315,137,169,110,766,915,496,560,471,433,321,33,506,757,870,182,170,117,509,959,849,992,320,258,856,332,834,284,92,718,806,74,36,842,430,988,618,67,96,698,466,609,578,616,475,666,923,154,11,927,920,916,728,541,695,865,138,477,936,954,432,179,458,26,335,569,93,183,82,217,2,152,84,993,239,270,565,323,445,691,382,901,729,984,925,860,233,703,997,985,861,769,879,544,508,52,659,386,158,565,193,366,634,637,954,69,395,531,757,96,52,461,716,52,551,779,447,209,316,704,564,347,816,307,470,447,630,567,75,651,69,464,266,878,384,408,823,153,690,20,607,671,172,312,66,166,234,333,727,662,857,470,455,984,945,70,950,552,951,813,107,447,257,481,595,626,278,135,272,507,310,852,681,72,383,639,231,224,513,424,18,119,853,692,174,352,205,66,447,495,653,567,262,918,529,900,669,612,223,435,451,886,694,329,995,353,564,345,561,505,306,3,970,7,184,880,74,67,477,991,695,742,995,114,918,686,156,679,553,397,313,551,592,83,532,696,373,174,71,907,545,736,633,394,227,917,906,227,119,624,829,731,948,660,376,405,251,67,138,73,229,124,784,493,357,286,534,123,439,537,987,631,23,611,966,207,91,44,725,24,642,227,614,144,396,271,913,461,864,243,914,982,676,734,10,173,279,489,92,660,751,584,193,115,642,55,523,514,320,660,31,916,562,985,359,71,700,243,268,1,395,366,126,989,795,69,723,335,743,306,410,84,979,995,216,390,592,745,842,659,401,849,583,461,297,578,44,682,781,576,878,124,90,62,599,336,855,313,500,852,55,623,456,418,1,208,940,774,753,396,513,871,51,685,761,87,387,542,377,311,913,896,279,267,436,566,864,580,285,840,558,739,987,83,796,262,366,651,221,480,362,262,951,540,589,955,218,590,931,849,147,223,630,62,965,298,921,90,535,762,879,862,755,934,740,977,885,636,503,787,314,282,387,617,131,551,4,758,80,626,898,399,708,76,909,568,366,483,778,928,247,869,242,370,548,506,455,540,311,239,656,626,424,290,315,434,236,45,929,261,820,889,334,194,916,269,590,580,771,785,394,856,747,213,347,966,5,49,2,346,406,654,42,342,253,406,375,389,574,923,215,168,118,284,626,707,861,665,187,967;457813
415,932,54,972,209,424,92,771,134,855,365,736,272,311,987,98,131,914,525,595,354,184,640,68,708,234,1000,848,834,153,608,292,444,944,949,436,934,536,157,604,879,255,361,752,342,295,997,321,15,582,71,159,683,510,316,737,472,659,120,697,971,436,582,688,338,566,597,819,986,62,594,674,992,821,271,518,379,768,924,390,681,435,954,948,407,412,786,561,473,722,558,393,170,589,721,433,747,941,760,947,121,804,220,352,696,639,951,901,781,918,556,299,532,535,953,781,896,120,268,116,218,776,543,988,710,552,615,371,633,429,645,175,52,972,516,466,41,623,424,121,189,678,246,303,4,617,521,354,231,562,407,879,785,225,886,326,388,200,55,309,284,81,362,661,431,818,434,143,741,466,602,105,808,883,886,139,571,740,163,660,355,566,100,140,143,83,444,642,196,452,456,277,854,145,936,634,224,186,420,691,273,243,354,953,162,37,653,546,204,276,227,18,538,210,929,566,458,493,392,294,275,13,644,952,394,991,386,782,575,779,428,738,84,217,977,712,375,731,13,682,580,843,332,247,262,524,399,804,141,387,616,484,787,146,735,542,279,342,700,573,976,357,205,570,395,890,434,312,964,221,360,628,538,359,253,428,379,819,117,686,26,169,262,361,491,890,637,238,449,614,826,296,132,868,298,380,721,989,884,157,527,160,323,507,631,896,961,714,496,230,921,724,362,886,382,571,196,529,162,895,944,152,216,560,370,627,873,496,621,600,566,530,973,261,608,644,712,89,31,106,159,140,958,843,691,683,179,961,735,260,513,719,90,51,426,127,709,458,869,896,171,393,723,360,416,23,856,793,370,951,226,419,927,670,700,757,684,88,18,937,633,690,585,47,943,19,830,153,582,919,482,877,392,4,338,517,698,76,659,979,8,773,509,329,309,260,207,277,358,479,429,382,791,904,971,918,573,158,852,56,186,554,245,273,825,131,922,223,345,432,22,483,594,432,671,426,166,117,106,413,893,274,857,294,150,488,985,798,866,634,136,169,55,386,204,948,923,363,624,707,126,762,603,144,695,302,114,803,646,504,875,398,770,107,405,684,383,346,814,149,513,801,561,252,379,799,237,419,31,506,180,758,920,158,707,908,429,257,673,732,704,197,356,957,592,775,723,424,124,637,66,103,420,15,214,990,969,399,307,300,466,962,492,238,362,19,877,295,246,239,314,69,470,548,566,454,646,386,969,357,39,985,455,525,965,497,522,239,719,108,452,253,10,285,256,262,300,655,710,131,885,11,401,384,49,173,752,685,673,694,870,244,242,915,132,248,593,576,793,701,358,660,198,217,734,970,964,222,531,722,54,727,803,755,789,474,73,800,973,358,823,513,868,822,185,917,103,95,793,846,351,746,969,748,700,846,904,148,91,93,749,960,182,174,382,889,510,48,701,879,738,699,951,715,189,480,824,326,572,307,995,222,334,923,129,308,916,676,210,89,811,101,375,520,211,835,323,506,829,197,434,377,391,91,934,686,299,831,647,263,52,107,664,653,404,375,252,310,431,350,557,725,824,465,598,846,331,356,881,43,806,53,785,863,173,621,816,53,621,575,694,462,420,544,288,14,885,79,712,581,355,93,150,694,870,598,37,993,972,49,188,832,75,394,125,213,637,367,799,461,882,409,86,156,209,851,398,708,412,310,641,859,631,940,890,832,132,559,648,544,790,683,47,485,865,943,873,394,784,37,818,838,690,768,978,709,537,789,504,693,987,599,228,8,543,695,730,998,914,86,11,94,952,562,596,335,49,639,563,387,385,737,918,275,940,167,440,229,46,828,272,851,10,597,81,442,16,635,526,130,815,299,400,483,835,285,698,555,598,481,690,300,129,812,217,400,332,68,794,892,27,534,630,13,50,14,442,665,262,716,105,959,647,525,819,514,719,402,180,660,782,918,954,991,818,443,4,653,470,781,31,423,950,382,617,224,556,100,405,53,277,906,726,928,416,139,916,413,908,160,760,623,1,69,946,812,448,331,845,704,506,869,766,574,124,132,344,462,627,168,922,779,345,310,443,845,2,761,740,160,140,588,443,707,487,690,971,319,601,995,24,570,637,316,297,240,363,938,129,96,316,490,508,247,995,809,115,168,889,821,154,977,534,649,810,998,763,891,208,612,667,611,725,832,170,415,145,585,666,783,295,852,48,236,993,289,369,974,582,304,311,958,988,591,835,984,743,634,477,473,354,933,46,525,771,994,576,615,443,858,119,344,374,492,456,462,741,678,728,926,909,453,891,857,313,971,160,764,186,228,312,479,311,624,552,489,43,350,858,179,185,150,495,318,608,497,236,713,610,687,681,152,500,53,903,827,87,728,677,31,431,340,224,822,176,29,471,444,920,989,311,4,26,372,652,824,929,725,386,639,380,252,25,112,434,91,823,572,557,63,740,813,701,374,532,330,612,302,295,939,154,595,715,812,139,923,986,363,120,462,149,588,455,555,373,776,230,60,656,136,969,583,380,229,442,656,755,725,679,59,741,108,435,901,800,918,155,308,684,774,569,420,942,318,988,817,767,812,670,788,805,527,879,435,688,903,716,794,392,682,866,319,89,838,401,826,848,259,507,619,541,406,665,478,640,393,728,273,446,141,363,609,599,666,708,39,3,743,893,124,455,836,235,309,832,606,688,780,399,459,407,136,125,251,833,685,794,168,263,499,968,532,236,70,381,350,157,239,76,684,43,171,978,939,728,214,896,214,879,268,301,967,855,871,913,938,908,337,348,454,787,414,515,535,362,653,826,172,469,685,834,71,210,706,345,263,639,429,995,830,840,997,500,226,685,364,38,115,887,707,850,930,887,568,812,552,972,545,332,717,414,61,985,231,248,181,161,437,274,53,734,586,998,341,441,139,582,876,981,554,526,87,297,847,191,120,22,646,900,638,283,586,619,302,636,84,912,67,590,721,772,498,165,20,389,853,517,963,148,991,53,55,74,637,923,409,807,166,880,821,715,612,506,298,689,453,597,147,172,1,508,776,456,800,537,904,374,101,917,176,903,865,830,700,86,337,402,202,596,35,558,628,223,63,70,521,138,577,31,447,692,221,515,296,915,32,276,122,285,544,768,349,863,13,29,337,67,736,28,322,250,162,881,387,498,106,565,852,621,842,849,798,29,286,43,326,323,509,860,832,541,872,513,599,988,83,330,92,86,35,299,988,651,566,349,64,913,875,486,877,572,476,840,910,211,299,837,614,911,136,424,812,198,346,172,161,372,998,838,112,119,289,511,102,99,586,909,185,733,939,48,89,765,758,329,186,32,124,147,889,233,491,814,489,772,842,524,904,397,255,933,597,663,902,56,287,503,266,29,292,54,131,312,434,458,867,483,810,969,24,665,150,450,594,536,663,154,408,258,380,202,85,524,505,726,415,544,754,184,468,51,210,119,331,188,448,970,37,458,439,208,451,255,646,315,510,742,361,623,713,801,706,502,540,656,200,704,343,901,432,35,782,347,129,680,674,614,545,519,237,5,691,782,285,656,84,772,480,790,903,42,586,256,361,395,911,400,664,791,855,879,36,684,728,817,589,770,30,831,586,440,220,464,567,904,170,252,621,998,163,886,481,620,77,139,627,774,424,959,699,786,188,250,794,862,291,121,363,109,166,591,563,330,386,56,136,170,333,67,544,342,36,139,457,94,342,130,271,84,605,171,886,953,584,697,843,684,245,933,50,454,201,249,522,751,325,181,621,444,744,607,646,199,954,369,620,281,706,952,949,33,832,845,181,607,792,752,862,640,938,402,76,719,808,435,434,509,573,666,302,166,589,277,921,373,480,898,387,652,933,840,264,405,565,63,727,228,678,675,792,751,821,19,726,453,982,782,67,175,706,741,969,83,396,79,163,171,635,660,116,847,454,88,219,928,979,990,928,216,551,562,493,766,287,219,946,935,209,40,120,744,268,750,825,35,477,24,459,380,382,490,338,272,704,935,637,851,767,809,547,846,16,972,49,751,874,917,559,971,342,266,363,222,466,210,42,290,824,994,370,880,702,172,7,533,110,986,736,187,697,960,34,999,339,112,134,854,928,282,18;516084
294,634,502,900,11,479,676,936,739,711,912,42,682,317,935,784,414,949,566,259,126,315,590,376,754,211,531,380,763,877,127,741,673,135,549,621,700,206,374,95,88,67,564,372,424,155,153,429,301,154,193,801,389,723,712,218,729,433,879,452,865,341,500,530,921,106,156,992,314,478,161,628,183,414,246,155,444,362,392,796,285,759,137,583,612,825,304,850,840,559,85,736,664,552,6,462,776,867,79,721,760,753,833,374,230,969,15,202,985,525,512,489,106,622,600,366,128,984,216,794,995,96,66,535,999,840,948,697,893,490,306,290,768,278,56,106,173,380,892,599,482,924,118,227,218,12,818,137,470,45,809,362,335,239,303,173,339,472,637,15,73,877,803,498,522,359,939,465,851,919,169,825,569,570,175,734,33,216,581,341,375,751,961,703,853,183,199,864,638,249,741,868,787,891,789,672,947,276,785,213,492,445,151,727,561,446,282,471,611,336,270,788,330,716,824,817,729,811,366,448,337,502,69,284,242,448,101,634,41,909,811,818,95,256,483,457,195,668,424,207,709,411,632,441,795,18,448,207,537,77,786,939,836,851,817,696,798,841,257,908,562,281,956,274,148,266,827,513,161,762,195,130,110,578,301,19,86,260,338,859,434,616,361,955,71,558,151,750,873,927,628,417,970,439,229,663,114,265,557,713,341,129,742,930,418,837,176,360,669,12,244,128,568,355,407,724,920,169,666,889,366,409,554,79,767,795,397,318,824,257,434,124,609,480,113,296,825,320,268,621,389,443,168,668,108,630,51,460,312,93,54,387,478,662,12,149,153,403,236,996,138,598,168,581,962,643,661,12,427,989,247,744,636,682,685,382,473,220,353,768,531,507,787,902,599,845,575,17,72,927,591,677,439,687,12,153,888,423,210,899,191,793,924,640,304,498,663,982,186,777,913,101,869,806,560,667,410,295,959,356,758,358,364,480,93,418,119,412,538,267,49,364,626,761,979,624,944,860,825,710,438,711,302,516,677,916,897,678,17,855,573,856,780,17,834,455,23,121,66,774,927,189,247,102,300,226,12,25,39,436,13,605,419,427,414,63,551,317,495,189,864,439,418,83,117,161,79,740,305,70,957,698,820,807,911,947,588,337,649,872,204,185,486,958,873,61,478,870,481,637,968,878,254,845,524,447,936,62,469,619,528,25,764,330,994,345,401,547,36,688,407,556,915,552,848,739,881,701,133,309,15,752,304,227,802,752,802,911,262,719,362,566,624,310,18,660,79,347,950,97,303,452,444,135,42,191,343,816,190,892,110,461,587,803,697,295,714,768,565,264,655,570,719,173,561,948,647,445,780,424,841,227,132,619,842,363,78,793,517,471,295,17,510,569,844,687,378,202,858,138,601,68,405,957,903,221,178,700,810,57,658,657,539,112,739,82,291,511,40,709,243,351,341,617,253,864,230,572,536,617,323,45,638,658,473,187,580,137,642,802,859,912,709,917,589,646,377,525,519,880,785,487,753,192,133,667,318,995,787,633,609,68,575,53,843,602,310,745,893,488,383,940,900,419,542,424,727,545,626,652,35,834,921,996,16,439,484,760,275,29,591,842,306,988,828,3,805,861,899,893,561,924,1,557,299,317,332,88,288,223,402,529,73,583,799,190,526,910,822,332,507,458,485,653,688,910,685,76,872,793,730,861,798,539,277,188,499,632,228,148,55,699,15,502,433,209,176,966,983,1000,235,100,213,578,836,108,118,112,646,252,914,257,381,932,126,340,324,852,694,500,439,829,378,847,183,946,386,595,289,52,230,305,133,867,664,235,946,909,170,290,822,132,502,565,534,475,765,604,535,458,500,115,997,545,798,475,52,423,157,227,907,970,76,903,807,914,97,214,774,124,957,454,489,126,639,724,23,4,310,419,164,961,824,79,644,164,138,396,796,759,529,104,588,969,933,309,506,645,89,4,553,813,872,385,811,336,949,167,528,12,860,99,600,950,230,464,739,91,262,977,524,119,229,407,61,759,794,440,429,759,230,15,647,521,704,165,569,757,885,457,456,498,554,728,60,821,264,40,164,724,497,124,120,426,181,302,220,800,417,673,38,555,794,574,507,751,589,271,606,440,692,226,551,981,217,482,232,205,210,318,774,5,555,209,686,853,169,327,611,644,571,441,26,767,594,307,55,652,766,763,42,48,673,958,169,578,757,27,559,50,991,297,838,884,393,165,334,753,578,34,475,870,463,261,221,759,231,879,244,556,928,826,905,537,599,283,209,667,148,593,25,665,645,47,818,392,114,621,136,849,582,428,828,685,730,535,973,995,379,64,276,480,301,280,252,691,650,628,469,589,906,960,428,32,643,40,825,453,533,951,891,899,279,530,294,650,116,1000,708,361,955,979,200,229,354,424,82,156,855,907,950,537,855,845,347,621,319,778,153,224,77,684,527,589,998,103,989,1,228,911,655,16,330,184,522,104,688,625,124,432,585,243,151,516,13,189,401,678,319,111,960,7,716,813,836,420,454,936,738,779,503,244,568,970,390,325,59,713,840,652,17,551,902,9,400,533,447,996,901,753,572,782,321,188,334,670,238,359,205,753,939,200,377,184,535,559,369,570,278,581,717,159,12,77,882,964,946,920,880,876,888,587,521,523,702,794,713,40,908,792,976,145,463,737,290,301,484,467,919,916,143,335,626,603,973,973,868,988,447,440,821,430,72,690,125,397,874,755,613,486,169,671,499,584,783,202,796,478,237,142,391,908,77,503,1000,3,38,435,484,327,14,995,439,335,46,546,730,9,217,978,816,487,385,895,347,327,999,7,488,552,378,85,662,881,879,673,969,439,512,710,466,162,494,772,251,150,108,33,601,87,371,646,240,663,549,510,185,17,26,62,818,153,447,979,519,524,401,19,158,768,215,744,981,849,610,713,618,39,975,990,620,174,598,868,381,487,571,66,485,194,661,4,321,900,704,403,34,988,301,212,590,654,281,173,242,475,193,691,470,337,641,573,258,694,24,374,14,745,199,948,635,208,560,651,647,14,680,796,189,641,534,998,129,281,8,725,567,518,593,862,724,605,617,436,926,187,42,748,453,433,88,824,498,896,272,154,233,410,421,490,631,217,287,828,530,646,116,409,481,203,283,730,539,596,156,655,911,756,951,760,269,827,468,679,865,519,486,420,399,293,34,227,986,725,962,237,717,902,253,829,319,444,373,531,368,85,864,929,852,915,341,477,849,999,629,535,503,89,515,565,463,792,387,573,508,506,792,689,574,848,534,236,411,436,91,4,428,85,36,265,718,336,721,120,181,8,952,375,74,789,350,781,968,311,814,908,351,91,76,800,230,315,175,599,780,448,478,975,658,216,261,283,967,684,833,21,167,162,191,87,79,797,536,46,954,898,455,153,490,830,646,510,28,239,806,34,175,734,408,944,569,58,98,716,299,143,241,506,44,992,502,174,183,653,46,32,150,941,554,801,538,814,778,961,170,495,458,921,281,729,900,362,654,751,781,279,930,563,268,730,141,689,639,413,518,913,866,819,614,400,33,773,877,75,295,957,334,429,501,482,638,957,414,347,418,444,772,614,532,184,989,602,262,232,93,837,340,877,338,532,442,113,31,394,258,548,548,645,442,684,528,804,547,670,410,492,62,289,90,828,969,760,719,226,714,295,379,677,358,340,486,168,336,637,317,251,578,613,579,723,614,279,890,707,837,756,525,472,746,431,554,918,827,953,298,523,520,803,982,850,526,422,581,350,825,316,839,33,170,426,142,610,785,632,533,912,865,276,63,841,961,107,767,752,708,707,420,136,382,778,167,590,586,957,797,978,877,544,25,929,240,692,872,351,517,963,30,894,792,150,498,491,429,625,691,915,757,507,582,648,656,452,600,949,163,64,198,478,276,700,284,651,799,187,233,8,963,552,831,610,829,403,797,940,676,215,776,494,537,884,16,197,121,199,928,738,47,73,977,443,931,742,823,319,429,252,578,94,445,505,403,325,981,152,405,378,203,265,478,910,164,491,551,283,906,948,517,335,21,414,589,176,640,874,197,639,245,807,914,634,928,292,402,516,657,499,19,480,493,335,612,628,162,305,209,982,184,564,480,631,388,139,837,816,631,797,293,251,889,264,89,481,601,559,918,235,31,82,494,304,236,463,471,719,17,553,872,1000,402,95,598,937,25,339,115,102,793,492,272,284,194,961,715,862,607,785,67,491,104,850,777,116,910,188,337,596,965,123,806,765,199,708,809,889,626,886,59,860,145,376,955,574,191,494,933,541,436,917,622,19,128,323,315,956,3,944,561,530,830,423;529652
276,733,968,968,326,771,394,453,486,597,449,812,677,851,154,293,461,436,456,958,525,452,147,18,628,219,606,182,214,125,519,124,705,721,551,598,487,811,194,158,151,676,812,523,308,644,123,9,120,341,898,446,896,136,843,495,739,396,884,75,295,423,621,929,230,198,551,779,245,654,729,547,966,800,178,958,978,148,105,330,295,667,673,891,39,779,741,327,499,4,119,785,962,418,327,181,831,533,24,284,720,357,634,152,861,3,547,640,185,307,219,262,317,753,28,740,549,871,762,273,672,149,663,776,486,472,801,437,869,944,474,572,360,751,13,538,634,525,598,811,656,757,873,356,950,124,177,572,37,704,742,379,983,150,421,270,762,280,890,457,376,319,524,564,177,301,795,295,332,991,823,445,855,65,45,31,419,250,895,391,200,796,794,501,959,489,196,883,971,460,996,54,70,157,465,399,131,895,672,862,549,186,823,888,407,49,651,731,827,146,671,742,906,496,457,443,422,282,475,490,560,449,494,19,868,842,25,27,766,50,109,831,555,988,742,816,977,959,879,599,27,79,586,418,555,770,616,529,324,921,534,943,901,317,681,209,20,642,666,19,915,479,960,497,241,458,984,76,899,352,234,408,416,59,352,670,846,535,427,30,183,166,210,402,123,150,234,318,469,728,847,57,85,895,591,369,687,898,223,807,603,36,484,337,706,814,734,122,561,966,950,524,409,946,138,607,333,407,697,198,787,659,887,998,562,260,206,404,102,187,898,617,891,42,169,30,705,603,584,629,324,462,499,88,715,164,596,38,74,857,538,13,970,70,152,548,393,888,409,287,953,499,452,383,520,952,355,566,603,773,705,920,990,550,649,966,673,140,570,876,475,44,201,145,354,304,476,288,974,941,319,751,470,192,45,355,278,744,127,619,180,114,509,656,972,63,535,278,680,695,891,955,828,187,506,252,87,431,934,54,810,848,972,138,787,827,355,455,752,899,118,948,817,721,764,668,519,893,662,693,424,724,478,910,359,814,760,318,996,394,905,138,613,83,170,829,186,680,535,479,243,889,134,849,982,9,503,793,209,658,746,176,570,784,84,166,368,19,411,370,398,339,551,595,257,402,497,401,559,547,126,814,297,318,102,120,592,461,510,382,601,165,200,422,26,375,58,309,211,255,319,822,591,439,518,872,164,224,688,255,214,25,23,619,737,292,451,69,890,170,911,222,63,544,941,991,828,565,60,501,635,323,445,129,870,39,85,536,87,419,586,337,134,5,691,856,652,736,207,345,783,495,533,342,525,59,38,46,753,62,625,286,982,551,116,721,255,938,158,938,690,934,690,716,611,655,877,383,358,898,543,731,282,490,134,938,579,561,764,421,421,445,920,113,310,673,445,663,729,80,558,660,798,973,869,458,604,72,463,487,480,595,268,806,490,952,326,520,177,643,290,323,521,453,597,100,782,688,447,626,796,613,300,234,416,594,797,817,372,804,138,644,137,78,349,35,511,850,550,383,186,332,429,361,200,640,13,69,132,21,901,743,267,731,995,76,362,105,524,286,306,491,31,851,994,891,388,488,601,620,913,122,325,310,343,89,990,987,575,71,601,125,353,131,390,228,367,667,155,164,162,915,796,393,708,519,215,395,845,994,473,471,374,76,836,54,852,285,505,802,178,237,577,535,880,624,363,19,533,324,870,706,594,814,341,669,832,854,792,930,744,848,390,17,43,411,433,522,631,496,225,205,324,802,351,503,912,62,751,363,958,347,601,857,897,555,257,766,22,381,91,722,948,757,420,408,608,608,163,538,7,785,52,556,52,826,926,543,289,513,845,436,86,504,422,821,856,259,220,663,701,870,439,171,59,694,67,767,940,176,151,810,896,862,255,360,761,480,616,137,891,519,144,644,386,661,325,476,898,691,736,419,283,656,537,299,501,84,774,465,492,794,80,600,301,4,861,183,470,581,986,390,220,890,548,333,299,496,57,435,585,563,671,134,636,695,690,478,736,561,761,534,249,741,152,815,86,809,469,721,769,981,984,96,696,283,297,382,415,445,496,76,531,667,477,811,705,860,509,931,13,89,322,28,366,383,241,108,898,207,196,344,326,499,433,588,544,77,266,151,471,165,266,565,41,530,111,832,600,892,129,385,338,118,822,944,357,940,138,96,220,609,86,789,45,86,736,845,991,231,592,603,314,58,102,129,659,741,996,196,763,225,609,352,365,11,489,24,248,506,337,498,115,664,779,140,281,162,99,11,811,611,480,747,270,13,214,115,403,271,549,926,191,337,518,930,320,154,102,679,206,238,421,827,515,533,922,306,856,456,896,453,318,402,26,596,518,345,696,84,478,290,871,287,466,191,251,823,960,366,691,953,927,371,833,377,441,67,591,243,283,838,646,159,453,830,671,283,164,254,936,764,967,259,113,297,554,937,818,270,23,34,510,87,227,276,898,385,331,673,470,645,88,114,93,779,947,728,168,655,188,986,210,851,839,256,549,927,640,506,441,214,151,690,388,921,502,672,558,785,472,332,223,135,667,793,654,643,52,391,652,516,703,363,964,960,592,26,663,177,558,868,444,354,560,59,388,731,454,323,660,66,283,531,442,852,243,769,586,552,705,88,66,319,485,146,736,56,928,794,594,737,245,155,164,654,496,848,798,624,485,565,917,418,708,749,178,2,862,718,479,582,804,494,78,835,916,31,973,573,720,462,270,957,781,86,361,969,514,923,120,544,629,496,297,273,660,797,533,244,893,607,793,760,267,77,196,122,974,953,951,518,558,551,855,154,80,236,258,124,439,783,647,419,175,406,149,467,3,920,618,136,743,403,706,839,377,102,835,876,503,664,23,877,114,148,888,972,127,465,912,146,574,584,2,448,69,979,631,513,708,583,168,5,822,999,207,208,537,912,323,712,244,477,374,961,828,99,929,594,337,911,131,334,455,954,732,713,475,939,938,684,619,378,533,641,896,511,97,65,720,956,977,741,716,425,632,444,74,133,647,380,352,681,952,900,285,448,667,529,348,154,154,902,722,944,305,676,141,370,277,316,840,314,904,426,676,10,485,37,372,209,648,483,407,337,483,649,290,372,51,877,231,868,308,662,525,347,966,408,801,893,153,249,954,521,463,806,59,757,25,120,529,589,796,276,361,481,128,762,975,601,340,205,23,197,567,553,108,399,367,81,599,387,204,9,242,922,961,951,771,686,474,388,292,642,110,123,135,609,263,458,158,16,49,497,663,818,198,292,374,257,913,71,20,822,203,600,742,852,290,83,951,670,933,810,630,15,132,711,416,353,248,785,234,238,350,634,454,865,537,472,961,424,295,971,864,506,438,585,501,745,283,160,127,603,990,876,184,259,213,703,123,379,264,535,731,196,207,218,451,752,714,231,105,414,892,729,32,138,753,968,516,20,149,521,854,956,659,889,800,897,321,323,123,977,952,974,299,214,694,759,682,39,291,776,332,938,831,449,974,225,295,768,526,195,228,713,267,167,923,583,867,799,876,462,522,618,140,955,551,166,436,35,954,386,159,735,916,853,366,317,446,557,635,653,942,169,796,71,413,31,691,264,20,613,439,83,676,634,765,485,108,144,43,741,940,159,839,413,410,373,101,693,270,596,473,519,470,234,885,420,665,804,957,531,10,458,184,815,546,675,98,982,78,19,168,842,344,892,419,260,448,239,551,780,575,126,132,67,988,89,649,10,619,825,328,77,17,882,276,962,215,761,137,324,704,855,543,495,1000,13,142,854,664,628,84,943,63,226,454,140,452,221,313,635,692,791,567,737,361,280,882,633,235,670,487,442,645,486,204,711,716,957,154,351,41,820,187,605,340,126,609,149,555,782,32,172,158,458,95,616,831,109,719,998,884,911,530,218,159,31,65,687,316,33,885,665,646,189,251,833,952,370,609,935,753,294,510,725,638,530,539,1000,590,95,383,902,107,161,695,561,503,810,303,632,303,10,58,937,615,183,217,274,336,350,149,582,194,282,311,898,756,530,807,176,335,57,161,276,544,759,655,591,762,575,576,96,711,582,213,145,809,467,510,467,780,168,965,448,315,479,754,304,179,468,436,678,535,750,964,138,345,42,714,654,19,24,867,495,670,615,462,502,541,46,685,158,124,118,803,424,877,563,293,216,523,963,436,618,421,79,927,632,183,241,748,33,28,261,233,249,100,164,179,512,470,705,757,784,404,185,162,735,165,519,487,887,390,521,411,9,562,83,191,836,33,144,973,990,909,379,99,773,708,964,177,284,744,191,192,655,700,693,984,743,73,395,686,328,522,313,952,185,70,184,530,320,163,729,804,168,584,372,981,727,393,244,796,186,458,88,535,119,529,916,414,65,633,212,494,153,439,640,858,683,10,565,236,318,330,66,798,471,749,731,827,503,74,169,950,612,526,521,985,801,326,292,593,687,996,500,177,290,530,942,3,187,168,146,237,16,221,320,398,666,73,452,575,343,353,612,204,558,534,39,369,685,116,758,873,621,984,421,182,615,405,175,587,364,839,751,549,335,306,623,366,431,864,705;635420